200000_G43.png,19,147,83,239,
200001_O50.png,30,263,72,304,
200002_X1.png,27,307,74,339,
200003_M23.png,25,332,73,410,
200004_G43.png,18,406,83,502,
200005_S29.png,35,495,66,580,
200006_M23.png,23,614,75,708,
200007_G43.png,12,704,81,800,
200008_D21.png,13,796,91,826,
200009_O50.png,32,829,73,871,
200010_V13.png,8,861,96,898,
200011_G43.png,16,899,87,1005,
200012_S29.png,36,999,66,1089,
200013_V13.png,9,1082,92,1118,
200014_M23.png,22,1118,77,1209,
200015_G43.png,8,1204,93,1324,
200016_O50.png,31,1325,74,1366,
200017_D21.png,104,8,183,42,
200018_Y5.png,102,39,188,78,
200019_N35.png,102,71,195,97,
200020_UNKNOWN.png,104,96,188,127,
200021_UNKNOWN.png,106,123,187,156,
200022_UNKNOWN.png,106,148,181,182,
200023_S29.png,132,178,163,267,
200024_N35.png,98,259,195,287,
200025_D36.png,104,284,195,320,
200026_M1.png,134,315,161,397,
200027_D36.png,106,382,196,418,
200028_E34.png,114,433,181,480,
200029_N35.png,114,472,185,496,
200030_M17.png,153,490,175,553,
200031_S29.png,125,488,149,553,
200032_D2.png,122,573,179,644,
200033_UNKNOWN.png,105,633,193,787,
200034_U33.png,155,777,192,872,
200035_M17.png,117,781,146,874,
200036_Y5.png,105,873,196,937,
200037_N35.png,102,941,196,965,
200038_G43.png,111,956,181,1061,
200039_V28.png,162,1059,196,1150,
200040_G43.png,105,1059,168,1155,
200041_X1.png,129,1147,177,1175,
200042_N1.png,106,1174,195,1204,
200043_M17.png,164,1196,191,1288,
200044_W25.png,116,1199,167,1283,
200045_N35.png,102,1298,196,1321,
200046_UNKNOWN.png,95,1281,196,1321,
200047_I9.png,106,1317,193,1357,
200048_M17.png,138,1351,165,1443,
200049_D36.png,107,1435,196,1476,
200050_X1.png,130,1472,177,1498,
200051_N31.png,107,1494,196,1541,
200052_N35.png,104,1539,196,1563,
200053_UNKNOWN.png,201,44,278,93,
200054_E23.png,214,89,289,129,
200055_UNKNOWN.png,203,110,232,132,
200056_Q3.png,249,131,286,181,
200057_X1.png,202,139,246,170,
200058_N1.png,201,172,285,208,
200059_D21.png,203,199,282,229,
200060_UNKNOWN.png,204,227,280,274,
200061_UNKNOWN.png,205,261,282,364,
200062_N37.png,208,357,283,387,
200063_H6.png,260,388,292,483,
200064_G43.png,199,387,266,484,
200065_X1.png,223,482,271,508,
200066_D36.png,202,494,288,537,
200067_V28.png,248,532,288,628,
200068_UNKNOWN.png,205,529,252,629,
200069_D58.png,225,625,286,693,
200070_G43.png,205,684,281,789,
200071_UNKNOWN.png,203,788,289,826,
200072_UNKNOWN.png,204,817,292,843,
200073_G17.png,208,843,283,929,
200074_E34.png,213,945,280,994,
200075_N35.png,213,989,280,1011,
200076_M17.png,251,1005,283,1068,
200077_S29.png,221,1007,245,1075,
200078_M8.png,207,1090,285,1143,
200079_G1.png,199,1138,281,1222,
200080_S29.png,264,1215,293,1300,
200081_D54.png,202,1223,273,1293,
200082_UNKNOWN.png,203,1293,291,1454,
200083_E34.png,211,1310,285,1361,
200084_N35.png,211,1354,284,1379,
200085_M17.png,253,1371,275,1441,
200086_S29.png,222,1370,247,1442,
200087_N37.png,204,1450,288,1480,
200088_H6.png,262,1482,293,1576,
200089_G43.png,204,1478,267,1574,
200090_E34.png,306,24,369,66,
200091_N35.png,303,62,373,85,
200092_M17.png,345,81,368,152,
200093_S29.png,314,83,340,153,
200094_N35.png,321,167,385,185,
200095_UNKNOWN.png,292,168,332,190,
200096_N35.png,291,188,387,213,
200097_UNKNOWN.png,293,204,380,253,
200098_S29.png,350,238,382,329,
200099_Q7.png,294,236,354,327,
200100_V13.png,296,328,386,367,
200101_N35.png,324,364,387,383,
200102_UNKNOWN.png,296,365,338,384,
200103_UNKNOWN.png,300,385,379,467,
200104_P8.png,363,476,386,570,
200105_I10.png,291,478,371,567,
200106_E34.png,310,579,372,623,
200107_UNKNOWN.png,308,619,374,651,
200108_M17.png,343,634,366,704,
200109_S29.png,319,637,343,704,
200110_Q3.png,335,737,379,794,
200111_M17.png,307,717,335,817,
200112_G43.png,299,809,375,915,
200113_M17.png,348,913,375,1008,
200114_V25.png,308,919,339,1012,
200115_V13.png,298,1005,385,1041,
200116_F34.png,314,1042,370,1096,
200117_UNKNOWN.png,300,1044,323,1076,
200118_UNKNOWN.png,299,1060,330,1092,
200119_G39.png,302,1091,387,1168,
200120_F34.png,314,1161,375,1217,
200121_N16.png,301,1211,383,1245,
200122_G43.png,291,1237,387,1326,
200123_F40.png,310,1324,384,1390,
200124_M17.png,350,1383,377,1467,
200125_M17.png,313,1384,337,1473,
200126_F40.png,308,1465,382,1539,
200127_M23.png,434,3,479,91,
200128_D58.png,392,9,449,87,
200129_W24.png,417,86,455,127,
200130_UNKNOWN.png,416,127,465,146,
200131_G14.png,395,147,469,224,
200132_X1.png,413,217,456,244,
200133_I9.png,395,236,474,271,
200134_D58.png,428,265,479,331,
200135_X1.png,386,300,433,326,
200136_UNKNOWN.png,400,330,469,391,
200137_E34.png,398,412,464,461,
200138_N35.png,399,455,468,477,
200139_M17.png,437,472,460,538,
200140_S29.png,408,470,432,536,
200141_Q3.png,441,585,480,632,
200142_G43.png,392,548,465,651,
200143_M8.png,397,642,475,706,
200144_G1.png,390,701,477,789,
200145_S29.png,449,786,479,873,
200146_D54.png,390,795,461,868,
200147_G17.png,395,884,476,970,
200148_V31.png,390,969,475,1005,
200149_V31.png,390,1004,474,1040,
200150_G43.png,399,1040,471,1137,
200151_N2.png,404,1135,470,1176,
200152_P8.png,432,1154,455,1218,
200153_UNKNOWN.png,433,1214,480,1255,
200154_D35.png,391,1214,442,1257,
200155_U1.png,387,1245,471,1327,
200156_G1.png,390,1348,459,1428,
200157_G4.png,392,1424,465,1510,
200158_UNKNOWN.png,433,1475,457,1508,
200159_UNKNOWN.png,419,1454,442,1506,
200160_I9.png,403,1514,469,1537,
200161_UNKNOWN.png,513,20,558,79,
200162_G1.png,487,6,547,80,
200163_G17.png,486,76,561,159,
200164_Q7.png,499,148,558,228,
200165_N35.png,495,226,573,249,
200166_V13.png,488,242,564,276,
200167_N35.png,479,272,573,300,
200168_G25.png,481,295,570,380,
200169_X1.png,502,379,553,411,
200170_UNKNOWN.png,488,407,566,527,
200171_X1.png,528,560,572,589,
200172_G43.png,486,515,555,610,
200173_I10.png,480,602,567,688,
200174_UNKNOWN.png,490,647,566,729,
200175_G43.png,486,729,557,825,
200176_X1.png,527,828,572,853,
200177_X1.png,485,830,531,857,
200178_UNKNOWN.png,487,857,570,902,
200179_S29.png,512,892,543,980,
200180_F34.png,500,982,560,1034,
200181_UNKNOWN.png,479,944,492,1065,
200182_UNKNOWN.png,498,1031,557,1135,
200183_V13.png,487,1130,568,1164,
200184_N35.png,485,1164,572,1190,
200185_D54.png,507,1183,559,1236,
200186_G43.png,492,1235,564,1329,
200187_X1.png,507,1324,555,1350,
200188_S29.png,516,1353,547,1448,
200189_N35.png,485,1445,574,1471,
200190_UNKNOWN.png,591,19,626,36,
200191_UNKNOWN.png,586,29,650,68,
200192_M17.png,620,63,645,127,
200193_S29.png,593,60,620,130,
200194_G17.png,577,149,658,233,
200195_D4.png,574,231,656,260,
200196_X1.png,614,263,657,290,
200197_Z1.png,590,261,609,297,
200198_I9.png,577,287,662,324,
200199_M17.png,635,317,663,398,
200200_G43.png,576,317,637,399,
200201_G43.png,587,397,654,485,
200202_F12.png,620,481,665,565,
200203_S29.png,586,479,614,565,
200204_E34.png,591,574,652,613,
200205_N35.png,586,605,652,630,
200206_M17.png,622,623,644,692,
200207_S29.png,595,625,623,695,
200208_G17.png,579,709,660,796,
200209_D4.png,573,789,666,824,
200210_X1.png,616,823,666,850,
200211_Z1.png,588,820,608,858,
200212_I9.png,575,848,666,894,
200213_M17.png,629,883,656,973,
200214_Z1.png,587,906,609,946,
200215_UNKNOWN.png,602,966,663,1041,
200216_R8.png,576,963,611,1042,
200217_M23.png,593,1039,654,1131,
200218_G43.png,585,1126,651,1211,
200219_UNKNOWN.png,592,1207,660,1233,
200220_G4.png,584,1230,646,1311,
200221_UNKNOWN.png,574,1211,602,1282,
200222_UNKNOWN.png,608,1260,644,1309,
200223_UNKNOWN.png,578,1314,631,1380,
200224_UNKNOWN.png,604,1365,631,1429,
200225_UNKNOWN.png,603,1416,646,1465,
200226_UNKNOWN.png,611,1462,639,1491,
200227_UNKNOWN.png,586,1460,609,1494,
200228_I9.png,664,438,760,477,
200229_D21.png,668,75,748,106,
200230_UNKNOWN.png,688,101,717,139,
200231_U1.png,676,125,745,168,
200232_F18.png,670,161,753,184,
200233_D36.png,670,176,753,220,
200234_X1.png,684,220,733,249,
200235_M17.png,698,246,726,331,
200236_W25.png,692,323,744,397,
200237_N35.png,668,396,760,423,
200238_X1.png,691,418,739,449,
200239_S29.png,697,478,724,557,
200240_M17.png,727,552,760,652,
200241_S29.png,677,558,709,652,
200242_O50.png,693,644,740,687,
200243_D21.png,672,688,757,718,
200244_I9.png,669,709,761,748,
200245_D21.png,672,748,754,778,
200246_G43.png,679,774,756,872,
200247_N35.png,669,866,764,893,
200248_I9.png,667,885,764,924,
200249_D46.png,671,921,764,952,
200250_N35.png,670,950,764,977,
200251_UNKNOWN.png,737,968,764,996,
200252_UNKNOWN.png,739,1011,764,1042,
200253_UNKNOWN.png,735,1001,757,1035,
200254_I10.png,675,984,755,1043,
200255_UNKNOWN.png,694,1005,753,1079,
200256_G43.png,681,1065,755,1161,
200257_Q3.png,698,1160,742,1208,
200258_Z7.png,681,1202,763,1240,
200259_N35.png,675,1265,764,1288,
200260_M17.png,733,1322,763,1408,
200261_Z11.png,672,1322,735,1406,
200262_G43.png,685,1402,738,1471,
200263_UNKNOWN.png,702,1452,740,1493,
200264_N35.png,688,1488,764,1511,
200265_UNKNOWN.png,674,1491,698,1514,
200266_W24.png,725,1505,763,1543,
200267_W24.png,682,1506,717,1543,
200268_W24.png,701,1537,738,1579,
200269_I9.png,763,100,852,134,
200270_F22.png,764,134,849,178,
200271_G17.png,865,1,933,88,
200272_UNKNOWN.png,784,0,833,19,
200273_D21.png,767,6,850,29,
200274_X8.png,789,27,834,107,
200275_X1.png,877,112,927,139,
200276_D21.png,864,138,938,170,
200277_G43.png,868,160,933,251,
200278_G43.png,778,172,841,263,
200279_UNKNOWN.png,898,251,935,320,
200280_UNKNOWN.png,872,253,906,326,
200281_P8.png,819,260,845,342,
200282_M40.png,776,261,802,345,
200283_M17.png,922,318,950,407,
200284_G43.png,864,322,928,409,
200285_M40.png,819,337,847,419,
200286_M40.png,775,339,806,421,
200287_UNKNOWN.png,863,401,952,513,
200288_G43.png,865,403,927,489,
200289_G17.png,773,415,855,501,
200290_U1.png,871,501,946,569,
200291_O28.png,824,491,857,581,
200292_W24.png,770,499,809,538,
200293_Y2.png,873,561,946,583,
200294_O49.png,771,537,821,584,
200295_D36.png,870,575,952,617,
200296_U33.png,915,608,945,695,
200297_M17.png,879,610,907,696,
200298_S29.png,798,579,830,671,
200299_V31.png,774,667,850,706,
200300_Q3.png,890,691,931,738,
200301_Z7.png,872,737,952,774,
200302_UNKNOWN.png,770,697,863,869,
200303_E34.png,780,723,852,766,
200304_N35.png,870,805,952,832,
200305_I9.png,870,822,952,859,
200306_M17.png,818,774,845,848,
200307_S29.png,791,775,819,852,
200308_N35.png,870,861,952,886,
200309_UNKNOWN.png,872,881,950,934,
200310_X1.png,890,914,938,944,
200311_UNKNOWN.png,827,913,858,931,
200312_O1.png,780,872,857,931,
200313_UNKNOWN.png,913,944,952,984,
200314_UNKNOWN.png,873,947,918,989,
200315_UNKNOWN.png,894,984,941,1024,
200316_G39.png,871,1022,952,1101,
200317_D58.png,897,1101,950,1165,
200318_V13.png,872,1160,952,1196,
200319_G43.png,781,1123,849,1220,
200320_Aa26.png,896,1214,932,1294,
200321_N5.png,793,1219,842,1269,
200322_M17.png,920,1288,938,1370,
200323_UNKNOWN.png,876,1288,911,1374,
200324_UNKNOWN.png,838,1281,881,1306,
200325_Q3.png,782,1268,848,1318,
200326_N35.png,775,1319,863,1345,
200327_I9.png,874,1366,948,1400,
200328_UNKNOWN.png,812,1391,863,1420,
200329_G17.png,783,1340,841,1423,
200330_M23.png,889,1394,940,1471,
200331_M17.png,809,1416,839,1505,
200332_G43.png,885,1465,950,1551,
200333_N35.png,877,1549,952,1574,
200334_UNKNOWN.png,997,0,1021,46,
200335_O4.png,972,0,1005,49,
200336_M17.png,1006,52,1028,148,
200337_UNKNOWN.png,976,55,996,93,
200338_M17.png,963,72,998,149,
200339_UNKNOWN.png,968,161,1011,231,
200340_W24.png,976,229,1017,268,
200341_Q3.png,981,265,1021,313,
200342_N37.png,959,307,1038,339,
200343_F23.png,958,339,1047,374,
200344_N35.png,962,375,1050,400,
200345_M17.png,1022,403,1050,481,
200346_M17.png,993,404,1020,489,
200347_M17.png,961,404,983,487,
200348_X1.png,986,484,1020,506,
200349_X1.png,958,483,988,506,
200350_S29.png,997,510,1018,595,
200351_UNKNOWN.png,991,506,1008,574,
200352_UNKNOWN.png,984,595,1030,613,
200353_UNKNOWN.png,958,597,992,619,
200354_M17.png,1025,617,1050,707,
200355_U7.png,963,616,1019,704,
200356_UNKNOWN.png,1025,721,1050,770,
200357_UNKNOWN.png,990,769,1015,806,
200358_UNKNOWN.png,969,794,1050,867,
200359_O50.png,990,858,1033,901,
200360_P8.png,995,933,1028,1026,
200361_I9.png,966,1026,1050,1054,
200362_UNKNOWN.png,1004,1099,1050,1133,
200363_UNKNOWN.png,978,1068,1027,1136,
200364_M17.png,1007,1132,1036,1220,
200365_D4.png,963,1218,1050,1249,
200366_X1.png,994,1252,1040,1279,
200367_UNKNOWN.png,1018,1281,1050,1301,
200368_N35.png,962,1279,1027,1305,
