210000_UNKNOWN.png,39,59,91,90,
210001_G17.png,8,1,83,92,
210002_UNKNOWN.png,37,84,91,123,
210003_UNKNOWN.png,6,105,49,127,
210004_O50.png,30,120,71,161,
210005_D35.png,1,156,91,205,
210006_G17.png,7,198,89,291,
210007_UNKNOWN.png,61,210,85,241,
210008_UNKNOWN.png,0,207,9,290,
210009_UNKNOWN.png,10,284,91,449,
210010_E34.png,19,301,87,352,
210011_N35.png,18,345,88,366,
210012_M17.png,58,360,81,437,
210013_S29.png,25,358,51,436,
210014_N5.png,28,451,69,494,
210015_S29.png,35,497,62,588,
210016_UNKNOWN.png,5,587,29,617,
210017_UNKNOWN.png,44,636,88,657,
210018_V13.png,2,622,54,656,
210019_UNKNOWN.png,42,710,62,750,
210020_G43.png,12,668,60,751,
210021_M17.png,58,753,88,857,
210022_D21.png,0,754,52,782,
210023_O50.png,14,780,51,822,
210024_X1.png,12,820,58,856,
210025_M23.png,25,851,57,940,
210026_G43.png,2,936,69,1037,
210027_UNKNOWN.png,30,997,65,1035,
210028_S29.png,25,1030,53,1114,
210029_N31.png,110,7,193,54,
210030_N35.png,106,53,193,78,
210031_V28.png,136,73,180,171,
210032_X1.png,131,206,183,234,
210033_UNKNOWN.png,130,250,165,272,
210034_UNKNOWN.png,111,232,136,263,
210035_E34.png,118,291,185,346,
210036_N35.png,117,341,189,363,
210037_M17.png,155,359,175,432,
210038_S29.png,122,356,147,422,
210039_Q3.png,149,462,187,515,
210040_M17.png,111,445,141,540,
210041_D4.png,100,536,189,572,
210042_UNKNOWN.png,178,615,193,660,
210043_G43.png,107,569,175,654,
210044_UNKNOWN.png,138,628,164,675,
210045_UNKNOWN.png,144,675,185,733,
210046_UNKNOWN.png,144,696,167,722,
210047_UNKNOWN.png,98,671,147,735,
210048_Q3.png,121,730,166,783,
210049_X1.png,119,779,167,808,
210050_UNKNOWN.png,142,806,181,828,
210051_UNKNOWN.png,110,807,153,830,
210052_UNKNOWN.png,164,824,184,855,
210053_N37.png,102,827,177,859,
210054_N35.png,98,849,189,883,
210055_UNKNOWN.png,124,876,193,936,
210056_E9.png,98,903,183,959,
210057_UNKNOWN.png,122,918,176,939,
210058_P8.png,162,957,189,1042,
210059_I10.png,98,955,169,1026,
210060_G17.png,98,1000,164,1090,
210061_UNKNOWN.png,137,1094,185,1122,
210062_UNKNOWN.png,98,1057,174,1122,
210063_O50.png,118,1112,152,1150,
210064_UNKNOWN.png,177,1151,193,1193,
210065_D35.png,98,1143,161,1180,
210066_UNKNOWN.png,139,1225,173,1258,
210067_G17.png,98,1173,161,1261,
210068_UNKNOWN.png,126,1223,154,1258,
210069_UNKNOWN.png,116,1271,147,1295,
210070_UNKNOWN.png,108,1281,148,1319,
210071_UNKNOWN.png,177,1320,193,1409,
210072_M17.png,143,1330,165,1406,
210073_S29.png,114,1330,137,1405,
210074_N35.png,206,92,294,115,
210075_M195.png,263,115,289,204,
210076_X1.png,212,150,262,178,
210077_D54.png,215,192,291,258,
210078_I9.png,204,253,294,291,
210079_G1.png,198,282,278,373,
210080_V31.png,204,368,291,407,
210081_D21.png,208,402,290,436,
210082_D39.png,204,432,294,473,
210083_T22.png,262,467,289,550,
210084_D19.png,198,481,259,542,
210085_I9.png,201,546,289,579,
210086_UNKNOWN.png,259,575,294,599,
210087_N35.png,200,577,269,603,
210088_X1.png,220,596,273,625,
210089_UNKNOWN.png,232,625,273,673,
210090_UNKNOWN.png,207,628,264,719,
210091_UNKNOWN.png,236,679,262,703,
210092_UNKNOWN.png,268,732,290,760,
210093_N29.png,244,725,284,782,
210094_UNKNOWN.png,202,717,229,807,
210095_G43.png,206,785,273,889,
210096_R8.png,227,889,272,971,
210097_UNKNOWN.png,216,965,271,1003,
210098_E34.png,198,991,285,1029,
210099_N35.png,198,1027,288,1055,
210100_O31.png,198,1051,291,1087,
210101_UNKNOWN.png,244,1080,281,1106,
210102_UNKNOWN.png,198,1083,251,1109,
210103_I9.png,198,1099,291,1138,
210104_M17.png,259,1129,284,1221,
210105_UNKNOWN.png,228,1170,261,1189,
210106_Z11.png,198,1135,239,1223,
210107_G43.png,202,1221,270,1294,
210108_UNKNOWN.png,238,1272,259,1316,
210109_UNKNOWN.png,226,1276,245,1318,
210110_UNKNOWN.png,240,1336,276,1355,
210111_UNKNOWN.png,215,1313,259,1348,
210112_UNKNOWN.png,235,1353,282,1371,
210113_UNKNOWN.png,198,1342,239,1372,
210114_N35.png,209,1371,265,1393,
210115_UNKNOWN.png,217,1390,261,1426,
210116_UNKNOWN.png,198,1418,242,1449,
210117_N35.png,222,1443,290,1466,
210118_UNKNOWN.png,198,1443,229,1466,
210119_UNKNOWN.png,371,9,397,52,
210120_UNKNOWN.png,319,6,342,52,
210121_G43.png,318,49,390,148,
210122_X1.png,332,145,381,175,
210123_UNKNOWN.png,344,213,387,251,
210124_G1.png,311,169,385,254,
210125_UNKNOWN.png,325,257,374,273,
210126_D58.png,341,269,389,341,
210127_F9.png,330,338,369,410,
210128_M17.png,376,412,397,498,
210129_G4.png,302,415,363,498,
210130_UNKNOWN.png,330,463,352,497,
210131_N5.png,334,494,373,537,
210132_G43.png,308,532,373,642,
210133_UNKNOWN.png,344,646,367,672,
210134_UNKNOWN.png,353,669,372,703,
210135_UNKNOWN.png,328,636,362,705,
210136_UNKNOWN.png,294,706,397,878,
210137_UNKNOWN.png,321,720,365,750,
210138_UNKNOWN.png,329,749,371,766,
210139_M17.png,355,785,377,860,
210140_UNKNOWN.png,310,741,347,863,
210141_Q3.png,348,897,390,953,
210142_M17.png,311,879,335,971,
210143_N35.png,296,971,387,996,
210144_UNKNOWN.png,343,999,364,1087,
210145_UNKNOWN.png,331,994,360,1067,
210146_D21.png,306,1088,383,1121,
210147_Q7.png,321,1118,383,1202,
210148_UNKNOWN.png,346,1267,387,1293,
210149_G17.png,306,1204,387,1293,
210150_UNKNOWN.png,322,1290,363,1338,
210151_UNKNOWN.png,317,1336,383,1443,
210152_G43.png,311,1440,379,1518,
210153_UNKNOWN.png,343,1497,365,1541,
210154_UNKNOWN.png,331,1499,354,1542,
210155_I9.png,419,26,489,51,
210156_S29.png,443,46,472,134,
210157_O50.png,435,132,477,174,
210158_D46.png,404,167,499,201,
210159_UNKNOWN.png,432,195,485,258,
210160_G43.png,414,251,489,355,
210161_O1.png,415,350,489,399,
210162_D21.png,412,395,494,429,
210163_UNKNOWN.png,427,441,460,464,
210164_E34.png,418,451,475,487,
210165_UNKNOWN.png,436,484,464,504,
210166_UNKNOWN.png,417,484,444,507,
210167_M17.png,459,502,481,580,
210168_S29.png,425,504,453,580,
210169_G17.png,409,596,482,683,
210170_O4.png,430,683,475,738,
210171_D21.png,410,732,490,763,
210172_G43.png,411,760,484,844,
210173_UNKNOWN.png,443,792,469,829,
210174_UNKNOWN.png,446,823,470,870,
210175_UNKNOWN.png,433,828,460,869,
210176_N5.png,429,865,476,910,
210177_UNKNOWN.png,444,875,470,900,
210178_Q3.png,432,913,475,963,
210179_UNKNOWN.png,400,916,423,950,
210180_N35.png,408,960,491,983,
210181_M17.png,467,980,489,1071,
210182_W25.png,414,981,466,1069,
210183_N35.png,404,1068,489,1092,
210184_X1.png,425,1086,477,1118,
210185_I9.png,408,1110,494,1144,
210186_UNKNOWN.png,437,1137,497,1214,
210187_UNKNOWN.png,401,1141,456,1162,
210188_X1.png,408,1182,440,1212,
210189_M17.png,458,1211,484,1304,
210190_UNKNOWN.png,426,1217,448,1304,
210191_S29.png,415,1211,445,1284,
210192_W24.png,431,1302,471,1343,
210193_D21.png,409,1344,483,1375,
210194_I9.png,406,1378,490,1403,
210195_UNKNOWN.png,449,1400,497,1436,
210196_D35.png,404,1395,460,1437,
210197_G43.png,401,1452,459,1523,
210198_E34.png,520,20,581,74,
210199_N35.png,516,67,591,91,
210200_M17.png,559,85,582,158,
210201_S29.png,526,85,553,159,
210202_G17.png,509,173,590,263,
210203_Z11.png,538,261,593,341,
210204_D56.png,504,259,564,341,
210205_G17.png,507,343,593,437,
210206_D54.png,521,432,587,495,
210207_M17.png,548,493,580,591,
210208_UNKNOWN.png,513,494,541,531,
210209_UNKNOWN.png,499,515,533,591,
210210_UNKNOWN.png,513,592,543,612,
210211_I9.png,504,623,574,649,
210212_G17.png,506,645,579,737,
210213_UNKNOWN.png,534,699,575,734,
210214_D54.png,523,739,578,791,
210215_M17.png,548,789,574,886,
210216_M17.png,512,794,536,884,
210217_N35.png,500,885,587,908,
210218_I9.png,500,908,582,935,
210219_UNKNOWN.png,516,943,549,971,
210220_E34.png,510,960,572,988,
210221_N35.png,506,987,577,1007,
210222_M17.png,549,1005,571,1080,
210223_S29.png,517,1007,541,1079,
210224_Q3.png,542,1119,581,1168,
210225_M17.png,501,1098,535,1184,
210226_UNKNOWN.png,553,1180,580,1210,
210227_UNKNOWN.png,542,1223,561,1305,
210228_UNKNOWN.png,534,1217,555,1283,
210229_UNKNOWN.png,500,1197,543,1261,
210230_UNKNOWN.png,499,1315,555,1379,
210231_UNKNOWN.png,543,1367,561,1429,
210232_UNKNOWN.png,531,1337,553,1405,
210233_N35.png,512,1427,587,1448,
210234_X1.png,504,1469,553,1498,
210235_UNKNOWN.png,628,0,668,102,
210236_G4.png,604,88,691,180,
210237_G17.png,608,172,692,263,
210238_V31.png,599,265,689,303,
210239_M17.png,652,298,680,391,
210240_M17.png,615,301,643,395,
210241_E34.png,614,406,681,454,
210242_N35.png,610,451,683,472,
210243_M17.png,646,468,671,541,
210244_S29.png,620,469,643,542,
210245_S29.png,662,562,689,660,
210246_UNKNOWN.png,616,560,637,589,
210247_Aa27.png,604,575,641,660,
210248_UNKNOWN.png,664,659,692,681,
210249_UNKNOWN.png,648,660,673,680,
210250_UNKNOWN.png,620,660,657,680,
210251_UNKNOWN.png,596,661,631,684,
210252_UNKNOWN.png,626,705,675,720,
210253_N35.png,611,736,691,761,
210254_I9.png,598,756,696,795,
210255_I10.png,597,680,695,781,
210256_N41.png,641,805,690,873,
210257_S29.png,603,795,631,898,
210258_N35.png,596,897,685,923,
210259_I9.png,594,923,696,951,
210260_UNKNOWN.png,632,1011,685,1039,
210261_G17.png,599,949,675,1041,
210262_V28.png,653,1034,690,1128,
210263_X1.png,594,1039,643,1070,
210264_UNKNOWN.png,600,1070,649,1132,
210265_G1.png,601,1124,672,1211,
210266_UNKNOWN.png,624,1202,657,1253,
210267_UNKNOWN.png,616,1228,654,1279,
210268_O4.png,627,1268,673,1330,
210269_UNKNOWN.png,636,1284,655,1330,
210270_UNKNOWN.png,616,1273,636,1331,
210271_G43.png,607,1327,670,1423,
210272_UNKNOWN.png,637,1384,666,1426,
210273_O1.png,612,1428,677,1482,
210274_O1.png,615,1485,679,1542,
210275_N35.png,723,0,792,19,
210276_UNKNOWN.png,709,1,733,23,
210277_W24.png,760,15,798,52,
210278_W24.png,716,14,751,53,
210279_W24.png,734,45,773,91,
210280_UNKNOWN.png,755,131,787,153,
210281_S34.png,732,90,773,186,
210282_M17.png,772,179,801,281,
210283_G43.png,708,181,772,266,
210284_UNKNOWN.png,728,258,770,284,
210285_N35.png,706,279,799,304,
210286_O4.png,727,296,781,355,
210287_X1.png,730,349,781,383,
210288_UNKNOWN.png,723,379,779,448,
210289_E34.png,722,460,791,508,
210290_N35.png,719,506,795,532,
210291_M17.png,748,518,780,594,
210292_S29.png,726,523,753,595,
210293_G17.png,706,621,797,718,
210294_D4.png,700,709,787,745,
210295_X1.png,748,744,796,774,
210296_Z1.png,716,743,733,777,
210297_I9.png,700,773,800,810,
210298_M17.png,771,807,798,892,
210299_G43.png,709,805,770,895,
210300_UNKNOWN.png,742,923,793,980,
210301_G17.png,714,891,790,982,
210302_V31.png,718,984,777,1017,
210303_UNKNOWN.png,707,991,727,1021,
210304_X1.png,728,1022,785,1051,
210305_E34.png,722,1062,784,1109,
210306_N35.png,734,1105,780,1124,
210307_M17.png,754,1117,775,1188,
210308_S29.png,725,1119,749,1186,
210309_UNKNOWN.png,740,1252,789,1283,
210310_G17.png,707,1198,783,1286,
210311_D4.png,700,1280,787,1314,
210312_X1.png,744,1315,783,1345,
210313_Z1.png,715,1314,733,1351,
210314_M17.png,764,1346,796,1434,
210315_G43.png,706,1346,766,1417,
210316_UNKNOWN.png,727,1397,747,1434,
210317_UNKNOWN.png,761,1436,799,1462,
210318_UNKNOWN.png,716,1438,741,1460,
210319_UNKNOWN.png,730,1466,777,1490,
210320_O50.png,748,1500,785,1544,
210321_X1.png,701,1509,739,1544,
210322_D4.png,815,8,897,39,
210323_E23.png,816,43,912,91,
210324_G43.png,828,87,885,179,
210325_U1.png,823,194,903,260,
210326_N17.png,818,253,904,272,
210327_D36.png,810,269,913,313,
210328_N35.png,814,315,912,339,
210329_G25.png,809,332,914,425,
210330_Z1.png,849,424,873,466,
210331_UNKNOWN.png,861,511,901,542,
210332_S34.png,829,466,881,569,
210333_M17.png,869,565,902,665,
210334_S29.png,822,567,855,664,
210335_UNKNOWN.png,879,668,906,699,
210336_UNKNOWN.png,841,691,896,708,
210337_UNKNOWN.png,853,722,881,747,
210338_UNKNOWN.png,824,733,890,756,
210339_UNKNOWN.png,809,686,866,766,
210340_E34.png,822,772,893,821,
210341_UNKNOWN.png,820,815,852,838,
210342_M17.png,862,832,887,910,
210343_S29.png,831,836,856,910,
210344_UNKNOWN.png,846,934,909,996,
210345_D34.png,820,927,877,993,
210346_UNKNOWN.png,850,990,883,1074,
210347_V28.png,816,986,855,1082,
210348_N35.png,824,1075,890,1099,
210349_UNKNOWN.png,811,1076,831,1103,
210350_T30.png,814,1094,897,1131,
210351_UNKNOWN.png,842,1136,890,1151,
210352_UNKNOWN.png,809,1129,860,1154,
210353_UNKNOWN.png,809,1151,891,1226,
210354_W24.png,865,1235,894,1279,
210355_UNKNOWN.png,822,1241,841,1280,
210356_UNKNOWN.png,875,1283,904,1335,
210357_O1.png,838,1278,894,1335,
210358_M17.png,809,1281,833,1383,
210359_UNKNOWN.png,826,1412,863,1444,
210360_M17.png,864,1450,883,1525,
210361_S29.png,829,1451,857,1526,
210362_I9.png,914,748,1013,789,
210363_N35.png,920,55,1006,81,
210364_U7.png,930,70,988,167,
210365_D21.png,921,162,987,190,
210366_N37.png,920,187,1007,213,
210367_X1.png,938,210,989,240,
210368_N35.png,917,235,1008,264,
210369_I9.png,918,266,997,290,
210370_D46.png,920,290,1010,324,
210371_UNKNOWN.png,920,324,1013,378,
210372_G17.png,919,374,1010,465,
210373_UNKNOWN.png,975,523,1014,542,
210374_UNKNOWN.png,923,480,963,536,
210375_UNKNOWN.png,921,545,947,589,
210376_X1.png,941,586,988,614,
210377_UNKNOWN.png,936,617,983,646,
210378_UNKNOWN.png,930,633,973,655,
210379_UNKNOWN.png,922,619,941,650,
210380_UNKNOWN.png,919,660,1009,699,
210381_UNKNOWN.png,920,711,977,751,
210382_M17.png,976,790,1001,881,
210383_Z11.png,916,790,959,882,
210384_X1.png,938,881,989,910,
210385_N37.png,921,912,1005,953,
210386_X1.png,960,962,1005,990,
210387_UNKNOWN.png,927,945,971,1006,
210388_G4.png,916,993,991,1089,
210389_UNKNOWN.png,944,1134,992,1177,
210390_G43.png,926,1079,992,1156,
210391_UNKNOWN.png,915,1172,963,1194,
210392_UNKNOWN.png,966,1192,990,1226,
210393_UNKNOWN.png,948,1215,972,1247,
210394_UNKNOWN.png,965,1240,1011,1270,
210395_UNKNOWN.png,917,1190,947,1274,
210396_I9.png,920,1273,991,1300,
210397_M17.png,979,1293,1001,1373,
210398_UNKNOWN.png,918,1289,955,1342,
210399_UNKNOWN.png,938,1329,960,1372,
210400_G43.png,930,1367,991,1438,
210401_UNKNOWN.png,962,1421,983,1456,
210402_UNKNOWN.png,951,1424,972,1459,
210403_W24.png,963,1471,995,1514,
210404_W24.png,921,1469,953,1512,
210405_D36.png,1016,0,1123,41,
210406_N35.png,1018,39,1123,64,
210407_E34.png,1040,75,1113,126,
210408_N35.png,1032,122,1105,147,
210409_M17.png,1076,138,1097,212,
210410_S29.png,1047,142,1075,215,
210411_X1.png,1046,228,1097,259,
210412_I9.png,1018,255,1125,292,
210413_N35.png,1054,292,1123,312,
210414_V28.png,1048,308,1089,412,
210415_UNKNOWN.png,1065,336,1083,365,
210416_UNKNOWN.png,1064,356,1083,385,
210417_UNKNOWN.png,1033,378,1058,409,
210418_N35.png,1042,406,1118,431,
210419_UNKNOWN.png,1023,405,1053,432,
210420_D36.png,1020,428,1129,478,
210421_X1.png,1039,482,1097,517,
210422_UNKNOWN.png,1093,563,1122,584,
210423_UNKNOWN.png,1042,564,1075,584,
210424_G43.png,1017,647,1078,733,
210425_S29.png,1092,759,1126,866,
210426_F21.png,1024,764,1078,824,
210427_UNKNOWN.png,1063,900,1101,927,
210428_G17.png,1022,833,1101,929,
210429_N35.png,1014,926,1085,953,
210430_U1.png,1024,946,1115,1026,
210431_N17.png,1054,1026,1120,1045,
210432_UNKNOWN.png,1029,1027,1063,1046,
210433_UNKNOWN.png,1078,1068,1123,1090,
210434_UNKNOWN.png,1017,1045,1068,1090,
210435_U33.png,1079,1091,1113,1186,
210436_M17.png,1034,1092,1060,1186,
210437_M17.png,1092,1184,1118,1278,
210438_G43.png,1021,1183,1079,1275,
210439_UNKNOWN.png,1025,1277,1047,1312,
