220000_UNKNOWN.png,43,0,66,30,
220001_UNKNOWN.png,45,22,68,58,
220002_UNKNOWN.png,62,58,95,81,
220003_UNKNOWN.png,29,110,76,189,
220004_G17.png,25,212,98,290,
220005_D36.png,27,361,104,383,
220006_UNKNOWN.png,17,348,38,384,
220007_D58.png,40,377,93,439,
220008_G26.png,17,454,85,511,
220009_UNKNOWN.png,48,507,76,598,
220010_G17.png,22,615,92,691,
220011_UNKNOWN.png,37,684,102,726,
220012_D21.png,27,720,96,770,
220013_UNKNOWN.png,8,711,38,769,
220014_D46.png,22,766,100,804,
220015_UNKNOWN.png,73,795,104,823,
220016_UNKNOWN.png,46,813,91,830,
220017_N35.png,43,824,97,850,
220018_UNKNOWN.png,36,840,102,899,
220019_O4.png,43,842,80,886,
220020_UNKNOWN.png,17,892,100,980,
220021_UNKNOWN.png,43,972,67,993,
220022_UNKNOWN.png,8,972,32,998,
220023_UNKNOWN.png,53,1014,86,1060,
220024_UNKNOWN.png,13,1018,66,1059,
220025_UNKNOWN.png,52,1085,73,1161,
220026_UNKNOWN.png,43,1080,64,1143,
220027_UNKNOWN.png,32,1154,74,1172,
220028_UNKNOWN.png,49,1195,88,1266,
220029_W25.png,37,1177,66,1266,
220030_UNKNOWN.png,28,1269,82,1295,
220031_S29.png,41,1303,70,1390,
220032_N35.png,8,1390,89,1419,
220033_UNKNOWN.png,41,1411,75,1434,
220034_UNKNOWN.png,18,1412,48,1435,
220035_UNKNOWN.png,8,1413,31,1438,
220036_UNKNOWN.png,69,1457,101,1485,
220037_D46.png,9,1493,100,1529,
220038_UNKNOWN.png,71,1526,91,1562,
220039_UNKNOWN.png,55,1527,76,1563,
220040_UNKNOWN.png,37,1528,58,1564,
220041_UNKNOWN.png,21,1529,41,1563,
220042_E34.png,124,26,188,71,
220043_N35.png,141,64,190,86,
220044_UNKNOWN.png,122,67,149,88,
220045_M17.png,162,84,184,153,
220046_S29.png,132,83,158,153,
220047_M29.png,173,166,199,242,
220048_G1.png,105,165,170,247,
220049_P1.png,109,242,200,288,
220050_I9.png,107,293,187,318,
220051_M17.png,179,305,202,390,
220052_G17.png,107,309,186,394,
220053_M17.png,146,382,173,468,
220054_D21.png,114,459,194,490,
220055_G25.png,111,503,186,560,
220056_O50.png,157,552,199,591,
220057_X1.png,112,560,158,586,
220058_N19.png,113,585,198,608,
220059_O50.png,139,604,182,643,
220060_D21.png,114,638,196,670,
220061_N5.png,134,661,179,704,
220062_D46.png,107,701,201,736,
220063_UNKNOWN.png,109,730,202,753,
220064_N5.png,135,750,177,791,
220065_D28.png,122,786,187,844,
220066_W24.png,138,807,168,844,
220067_N18.png,116,840,194,862,
220068_N18.png,114,859,195,884,
220069_Q3.png,162,883,201,929,
220070_X1.png,113,895,161,923,
220071_N1.png,109,927,200,952,
220072_N35.png,144,946,202,969,
220073_UNKNOWN.png,105,946,140,973,
220074_E34.png,118,982,190,1035,
220075_UNKNOWN.png,152,1028,190,1050,
220076_N35.png,114,1028,160,1053,
220077_M17.png,159,1043,181,1109,
220078_S29.png,127,1043,152,1109,
220079_M29.png,174,1121,202,1193,
220080_G1.png,114,1121,164,1183,
220081_UNKNOWN.png,154,1218,184,1240,
220082_UNKNOWN.png,109,1205,145,1235,
220083_UNKNOWN.png,118,1253,179,1273,
220084_M17.png,171,1270,196,1348,
220085_G17.png,106,1269,178,1348,
220086_O50.png,128,1349,175,1394,
220087_G5.png,105,1418,183,1507,
220088_G29.png,105,1500,193,1581,
220089_Q3.png,259,9,293,55,
220090_UNKNOWN.png,209,23,244,48,
220091_S29.png,262,82,290,167,
220092_M17.png,222,81,246,166,
220093_UNKNOWN.png,235,176,298,201,
220094_UNKNOWN.png,214,166,236,201,
220095_UNKNOWN.png,218,199,292,255,
220096_S29.png,243,250,271,339,
220097_UNKNOWN.png,251,338,299,363,
220098_UNKNOWN.png,204,337,249,363,
220099_E34.png,217,373,282,420,
220100_N35.png,216,412,285,436,
220101_M17.png,256,428,282,498,
220102_S29.png,228,429,254,497,
220103_UNKNOWN.png,262,509,299,533,
220104_UNKNOWN.png,241,510,271,532,
220105_UNKNOWN.png,204,511,239,537,
220106_N5.png,228,526,280,578,
220107_M195.png,278,593,299,674,
220108_UNKNOWN.png,241,592,287,630,
220109_D46.png,206,661,295,698,
220110_I10.png,202,611,254,683,
220111_O34.png,207,691,294,715,
220112_O50.png,233,709,273,749,
220113_D28.png,215,741,283,799,
220114_W24.png,240,766,267,800,
220115_N18.png,216,796,290,818,
220116_N18.png,215,814,291,839,
220117_Q3.png,257,840,293,883,
220118_X1.png,208,850,255,879,
220119_N1.png,208,878,296,908,
220120_N35.png,205,900,285,929,
220121_N5.png,228,920,278,967,
220122_M29.png,270,960,299,1029,
220123_UNKNOWN.png,244,974,265,1000,
220124_G1.png,208,959,261,1032,
220125_P1.png,205,1029,296,1073,
220126_I9.png,202,1064,296,1101,
220127_M17.png,272,1092,296,1170,
220128_G17.png,209,1094,277,1175,
220129_M17.png,241,1176,265,1261,
220130_G29.png,203,1289,274,1349,
220131_O50.png,253,1367,288,1402,
220132_X1.png,205,1370,250,1399,
220133_N18.png,206,1398,291,1422,
220134_D46.png,204,1428,284,1460,
220135_UNKNOWN.png,207,1465,254,1483,
220136_O50.png,225,1483,269,1524,
220137_D28.png,212,1521,289,1577,
220138_W24.png,230,1559,264,1600,
220139_G17.png,306,3,384,91,
220140_S29.png,369,91,394,172,
220141_G17.png,302,91,374,174,
220142_V31.png,304,168,389,205,
220143_X1.png,346,200,390,227,
220144_X1.png,304,204,346,230,
220145_P98.png,299,229,394,297,
220146_UNKNOWN.png,341,230,367,262,
220147_UNKNOWN.png,319,231,345,259,
220148_M17.png,362,290,388,376,
220149_W25.png,310,292,361,377,
220150_UNKNOWN.png,361,372,394,394,
220151_UNKNOWN.png,299,374,342,399,
220152_E34.png,317,413,379,453,
220153_N35.png,314,444,382,467,
220154_M17.png,353,463,376,529,
220155_S29.png,330,464,353,527,
220156_UNKNOWN.png,324,463,338,511,
220157_UNKNOWN.png,313,543,389,595,
220158_UNKNOWN.png,304,578,327,599,
220159_UNKNOWN.png,355,592,390,613,
220160_N35.png,319,591,366,613,
220161_UNKNOWN.png,301,592,328,617,
220162_M17.png,370,606,394,687,
220163_G17.png,303,610,378,692,
220164_S29.png,343,688,365,771,
220165_UNKNOWN.png,335,684,355,754,
220166_S29.png,367,770,392,849,
220167_G1.png,297,770,380,855,
220168_N37.png,303,847,377,873,
220169_I9.png,296,867,389,917,
220170_N35.png,300,868,364,892,
220171_M17.png,367,900,390,980,
220172_D36.png,299,911,374,945,
220173_D21.png,301,936,372,966,
220174_X1.png,317,957,363,983,
220175_UNKNOWN.png,306,974,387,1065,
220176_G17.png,308,1061,385,1143,
220177_UNKNOWN.png,367,1144,389,1217,
220178_G17.png,299,1147,366,1224,
220179_D36.png,302,1222,389,1260,
220180_UNKNOWN.png,318,1269,360,1285,
220181_P98.png,298,1284,389,1346,
220182_M17.png,357,1340,379,1425,
220183_UNKNOWN.png,319,1359,362,1426,
220184_W25.png,308,1342,339,1426,
220185_N35.png,296,1420,389,1449,
220186_E34.png,314,1450,376,1499,
220187_N35.png,311,1491,378,1517,
220188_M17.png,351,1505,371,1569,
220189_S29.png,322,1506,345,1571,
220190_O4.png,422,0,471,57,
220191_G17.png,407,57,487,138,
220192_X1.png,425,138,472,164,
220193_N29.png,452,160,487,208,
220194_V6.png,409,160,437,210,
220195_X6.png,420,200,466,240,
220196_D2.png,416,261,477,326,
220197_G17.png,405,317,488,408,
220198_F26.png,402,400,484,462,
220199_UNKNOWN.png,415,459,458,479,
220200_UNKNOWN.png,395,459,426,484,
220201_X1.png,423,472,468,499,
220202_P1.png,397,494,489,538,
220203_G36.png,394,535,487,607,
220204_D21.png,401,601,482,634,
220205_X1.png,424,628,471,655,
220206_D35.png,394,650,487,692,
220207_O50.png,424,680,471,722,
220208_S29.png,453,718,483,807,
220209_UNKNOWN.png,455,798,489,826,
220210_W14.png,404,719,444,817,
220211_UNKNOWN.png,421,814,477,833,
220212_I9.png,393,830,488,880,
220213_M23.png,458,871,481,954,
220214_G43.png,399,868,467,961,
220215_G17.png,406,953,482,1032,
220216_UNKNOWN.png,417,1028,459,1132,
220217_G36.png,393,1132,476,1204,
220218_G36.png,394,1196,480,1259,
220219_UNKNOWN.png,461,1259,489,1286,
220220_UNKNOWN.png,414,1258,468,1303,
220221_D2.png,410,1321,468,1384,
220222_F31.png,415,1380,466,1470,
220223_N29.png,441,1467,477,1514,
220224_X1.png,398,1483,445,1511,
220225_N25.png,402,1512,478,1562,
220226_N31.png,396,1555,483,1598,
220227_G17.png,496,4,576,93,
220228_E34.png,509,107,564,151,
220229_N35.png,511,144,574,168,
220230_M17.png,544,162,563,230,
220231_S29.png,515,166,538,229,
220232_M17.png,505,250,529,347,
220233_G17.png,500,340,583,429,
220234_E34.png,509,442,568,487,
220235_N35.png,504,482,574,505,
220236_M17.png,543,497,566,567,
220237_S29.png,514,498,538,567,
220238_M18.png,546,577,577,672,
220239_M17.png,503,577,532,672,
220240_G17.png,501,674,580,757,
220241_V31.png,497,756,574,792,
220242_E34.png,507,810,570,852,
220243_N35.png,503,845,575,869,
220244_M17.png,544,862,567,932,
220245_S29.png,514,861,538,924,
220246_O1.png,513,942,578,990,
220247_UNKNOWN.png,503,943,531,988,
220248_D21.png,498,983,581,1015,
220249_D35.png,520,1009,578,1049,
220250_UNKNOWN.png,492,1028,531,1050,
220251_UNKNOWN.png,527,1049,564,1094,
220252_UNKNOWN.png,512,1043,540,1094,
220253_G43.png,503,1097,565,1195,
220254_N35.png,494,1190,582,1214,
220255_UNKNOWN.png,522,1217,586,1302,
220256_S29.png,503,1219,537,1300,
220257_E34.png,503,1314,569,1363,
220258_N35.png,502,1356,575,1379,
220259_M17.png,543,1373,564,1436,
220260_S29.png,510,1371,533,1437,
220261_I10.png,490,1442,581,1525,
220262_S29.png,526,1474,554,1555,
220263_D21.png,593,8,670,39,
220264_S29.png,644,36,674,122,
220265_T14.png,590,40,631,129,
220266_G43.png,595,121,661,213,
220267_U28.png,617,205,657,283,
220268_G17.png,595,280,677,368,
220269_D35.png,589,363,678,404,
220270_O50.png,618,391,655,429,
220271_D35.png,605,422,655,460,
220272_G17.png,594,454,673,545,
220273_E34.png,601,556,663,601,
220274_N35.png,597,595,664,617,
220275_M17.png,637,608,657,675,
220276_S29.png,611,611,633,678,
220277_D28.png,611,692,667,747,
220278_D52.png,588,750,671,790,
220279_E1.png,589,775,679,846,
220280_UNKNOWN.png,652,816,676,839,
220281_Q3.png,641,843,675,889,
220282_X1.png,594,855,635,883,
220283_N1.png,587,886,678,915,
220284_S29.png,625,911,651,990,
220285_V13.png,590,986,678,1024,
220286_V13.png,589,1018,675,1055,
220287_G43.png,598,1056,671,1157,
220288_M17.png,621,1155,647,1240,
220289_D21.png,594,1237,663,1267,
220290_O50.png,605,1268,657,1306,
220291_X1.png,606,1308,649,1335,
220292_M23.png,606,1333,654,1425,
220293_G43.png,596,1416,658,1508,
220294_S29.png,617,1503,647,1584,
220295_UNKNOWN.png,744,8,762,44,
220296_D46.png,694,58,772,89,
220297_UNKNOWN.png,680,28,732,93,
220298_M17.png,718,82,743,172,
220299_D21.png,690,170,759,198,
220300_V31.png,682,192,768,233,
220301_N29.png,715,234,752,282,
220302_UNKNOWN.png,706,281,775,385,
220303_UNKNOWN.png,695,277,723,368,
220304_UNKNOWN.png,679,361,715,388,
220305_G17.png,688,378,765,469,
220306_D35.png,683,462,774,502,
220307_O50.png,714,493,749,529,
220308_D35.png,692,523,773,560,
220309_G17.png,692,556,767,645,
220310_E34.png,697,662,758,705,
220311_N35.png,693,700,739,722,
220312_M17.png,733,712,756,782,
220313_S29.png,704,714,727,781,
220314_Z11.png,693,798,764,886,
220315_D46.png,683,883,771,919,
220316_G1.png,683,909,772,990,
220317_X1.png,712,982,759,1011,
220318_N14.png,700,1004,766,1066,
220319_S29.png,713,1064,742,1148,
220320_V13.png,683,1138,768,1176,
220321_V13.png,684,1167,771,1203,
220322_G43.png,694,1198,766,1295,
220323_M17.png,715,1289,743,1372,
220324_D21.png,686,1369,766,1401,
220325_O50.png,705,1394,746,1435,
220326_X1.png,704,1427,752,1463,
220327_M23.png,699,1458,749,1543,
220328_E34.png,789,13,851,58,
220329_UNKNOWN.png,825,53,853,71,
220330_N35.png,783,53,833,75,
220331_M17.png,828,66,846,127,
220332_S29.png,796,68,821,136,
220333_UNKNOWN.png,775,147,866,294,
220334_D46.png,787,337,870,370,
220335_I10.png,775,288,869,376,
220336_M17.png,817,364,846,458,
220337_D21.png,787,451,865,481,
220338_V31.png,779,474,864,512,
220339_R4.png,782,512,869,562,
220340_X1.png,804,556,848,583,
220341_Q3.png,807,580,848,631,
220342_UNKNOWN.png,840,645,867,668,
220343_UNKNOWN.png,810,636,843,664,
220344_UNKNOWN.png,781,651,854,671,
220345_D36.png,778,667,867,701,
220346_G17.png,782,696,865,784,
220347_D35.png,776,775,870,816,
220348_O50.png,809,808,850,847,
220349_G17.png,779,839,870,954,
220350_E34.png,792,965,859,1009,
220351_N35.png,792,1003,857,1025,
220352_M17.png,831,1019,854,1085,
220353_S29.png,797,1017,823,1089,
220354_G5.png,777,1097,864,1184,
220355_S29.png,831,1180,861,1266,
220356_M44.png,794,1183,821,1262,
220357_Q3.png,792,1256,855,1306,
220358_D46.png,780,1298,865,1333,
220359_S29.png,812,1328,837,1410,
220360_G43.png,788,1470,851,1538,
220361_UNKNOWN.png,813,1519,836,1559,
220362_UNKNOWN.png,906,55,936,83,
220363_G17.png,877,0,934,82,
220364_UNKNOWN.png,912,80,959,115,
220365_O50.png,900,107,936,143,
220366_UNKNOWN.png,869,99,914,121,
220367_D35.png,874,136,963,180,
220368_G17.png,875,172,960,263,
220369_E34.png,888,279,950,324,
220370_N35.png,884,317,952,342,
220371_M17.png,925,331,944,396,
220372_S29.png,895,333,920,397,
220373_N5.png,902,407,943,449,
220374_UNKNOWN.png,891,435,960,474,
220375_UNKNOWN.png,869,455,901,516,
220376_M17.png,910,500,937,583,
220377_D21.png,881,577,948,605,
220378_V31.png,877,597,957,635,
220379_D36.png,875,630,962,680,
220380_G1.png,877,674,961,759,
220381_V28.png,935,744,965,826,
220382_X1.png,880,750,925,781,
220383_U15.png,869,788,942,818,
220384_G39.png,874,821,962,901,
220385_V30.png,886,895,960,936,
220386_X1.png,897,927,946,960,
220387_U15.png,874,955,961,995,
220388_G17.png,878,988,960,1078,
220389_G17.png,878,1070,960,1157,
220390_D35.png,871,1152,965,1190,
220391_O50.png,899,1184,941,1226,
220392_D35.png,870,1218,965,1261,
220393_G17.png,878,1258,954,1346,
220394_E34.png,884,1356,953,1401,
220395_N35.png,883,1396,952,1419,
220396_M17.png,925,1416,947,1484,
220397_S29.png,893,1416,915,1484,
220398_UNKNOWN.png,927,1492,945,1524,
220399_UNKNOWN.png,875,1513,934,1563,
220400_S29.png,997,0,1025,79,
220401_UNKNOWN.png,1147,61,1160,131,
220402_N35.png,1062,58,1153,85,
220403_UNKNOWN.png,1064,82,1148,114,
220404_UNKNOWN.png,1062,109,1147,167,
220405_S29.png,1093,164,1123,252,
220406_G43.png,979,133,1042,225,
220407_N35.png,1059,246,1155,273,
220408_D36.png,1065,268,1154,306,
220409_O50.png,991,249,1030,290,
220410_UNKNOWN.png,1095,301,1123,382,
220411_X1.png,987,291,1036,326,
220412_UNKNOWN.png,1129,378,1157,400,
220413_D36.png,1067,366,1130,403,
220414_M23.png,987,316,1034,396,
220415_UNKNOWN.png,1068,402,1153,557,
220416_E34.png,1076,417,1140,464,
220417_G43.png,979,391,1043,487,
220418_S29.png,997,480,1028,565,
220419_D2.png,1085,558,1142,629,
220420_V13.png,969,558,1056,599,
220421_UNKNOWN.png,1068,618,1155,773,
220422_M23.png,986,600,1037,693,
220423_G43.png,974,689,1044,785,
220424_U33.png,1119,763,1155,857,
220425_M17.png,1081,766,1110,860,
220426_D21.png,976,782,1054,811,
220427_O50.png,994,814,1036,858,
220428_N35.png,1068,862,1160,888,
220429_V13.png,970,846,1059,884,
220430_Y5.png,1070,885,1157,923,
220431_N35.png,1067,927,1160,950,
220432_G43.png,978,885,1050,988,
220433_G43.png,1075,944,1145,1047,
220434_UNKNOWN.png,1078,1044,1104,1074,
220435_S29.png,1000,984,1029,1075,
220436_V28.png,1127,1045,1160,1135,
220437_G43.png,1068,1044,1132,1141,
220438_V13.png,972,1068,1055,1103,
220439_X1.png,1094,1133,1141,1161,
220440_N1.png,1069,1159,1160,1190,
220441_M23.png,985,1104,1040,1194,
220442_M17.png,1129,1182,1155,1274,
220443_W25.png,1080,1185,1130,1269,
220444_UNKNOWN.png,1056,1267,1160,1295,
220445_N35.png,1067,1285,1160,1307,
220446_G43.png,971,1190,1056,1310,
220447_I9.png,1070,1303,1158,1343,
220448_O50.png,994,1310,1037,1351,
220449_M17.png,1103,1337,1130,1429,
220450_D36.png,1071,1421,1160,1462,
220451_X1.png,1094,1458,1142,1485,
220452_G43.png,980,1387,1049,1482,
220453_N31.png,1073,1481,1160,1527,
220454_UNKNOWN.png,1003,1526,1057,1561,
220455_G17.png,972,1474,1045,1563,
