230000_N35.png,1,43,84,71,
230001_UNKNOWN.png,45,63,80,86,
230002_UNKNOWN.png,2,64,46,90,
230003_UNKNOWN.png,61,110,90,137,
230004_D46.png,12,144,90,179,
230005_Z1.png,65,178,85,211,
230006_Z1.png,50,177,71,214,
230007_Z1.png,33,179,54,216,
230008_Z1.png,18,179,38,214,
230009_M17.png,62,212,82,296,
230010_Q3.png,15,230,48,279,
230011_G43.png,17,291,72,366,
230012_UNKNOWN.png,9,407,70,446,
230013_UNKNOWN.png,37,415,63,465,
230014_UNKNOWN.png,37,503,80,540,
230015_UNKNOWN.png,10,481,67,523,
230016_G25.png,7,536,76,610,
230017_UNKNOWN.png,0,563,25,630,
230018_G17.png,17,710,76,803,
230019_M23.png,36,796,66,880,
230020_G43.png,17,870,76,939,
230021_UNKNOWN.png,36,921,66,958,
230022_UNKNOWN.png,65,979,84,1031,
230023_UNKNOWN.png,54,963,70,1031,
230024_UNKNOWN.png,42,963,63,1031,
230025_UNKNOWN.png,32,964,54,1031,
230026_UNKNOWN.png,25,982,42,1031,
230027_UNKNOWN.png,13,964,40,1033,
230028_X1.png,25,1029,72,1058,
230029_UNKNOWN.png,40,1105,86,1132,
230030_G17.png,10,1055,78,1134,
230031_UNKNOWN.png,41,1136,64,1225,
230032_UNKNOWN.png,60,1253,92,1270,
230033_O34.png,12,1252,66,1273,
230034_UNKNOWN.png,18,1282,48,1312,
230035_D156.png,51,1318,76,1386,
230036_D156.png,23,1321,49,1389,
230037_D156.png,41,1387,65,1453,
230038_G4.png,17,1450,74,1522,
230039_Z1.png,48,1513,64,1550,
230040_O50.png,116,3,160,47,
230041_G5.png,94,71,170,158,
230042_G25.png,96,151,181,234,
230043_O50.png,140,232,182,273,
230044_X1.png,99,239,142,268,
230045_N18.png,99,267,184,295,
230046_M4.png,144,291,181,377,
230047_UNKNOWN.png,110,294,134,378,
230048_O50.png,123,373,164,415,
230049_D21.png,100,413,172,445,
230050_N5.png,119,440,166,489,
230051_F35.png,125,488,162,576,
230052_I9.png,99,561,188,597,
230053_UNKNOWN.png,95,620,124,643,
230054_UNKNOWN.png,141,689,164,722,
230055_UNKNOWN.png,112,692,150,715,
230056_M17.png,145,714,164,788,
230057_S29.png,127,728,142,788,
230058_UNKNOWN.png,120,725,136,774,
230059_UNKNOWN.png,127,807,152,883,
230060_UNKNOWN.png,95,877,148,902,
230061_D36.png,101,897,186,937,
230062_D28.png,113,934,166,984,
230063_I9.png,99,977,179,1011,
230064_S34.png,124,1001,158,1083,
230065_UNKNOWN.png,120,1094,152,1122,
230066_E34.png,111,1108,162,1139,
230067_M17.png,149,1143,168,1208,
230068_S29.png,127,1150,145,1210,
230069_UNKNOWN.png,118,1146,139,1200,
230070_V28.png,132,1213,156,1300,
230071_UNKNOWN.png,149,1292,179,1315,
230072_UNKNOWN.png,105,1313,121,1349,
230073_D28.png,119,1346,170,1402,
230074_UNKNOWN.png,153,1419,172,1451,
230075_UNKNOWN.png,140,1458,167,1494,
230076_UNKNOWN.png,99,1434,162,1478,
230077_UNKNOWN.png,118,1458,147,1497,
230078_F9.png,155,1496,177,1553,
230079_UNKNOWN.png,100,1504,123,1554,
230080_O50.png,235,21,270,54,
230081_X1.png,189,22,234,51,
230082_UNKNOWN.png,227,52,256,74,
230083_D46.png,189,84,267,112,
230084_O34.png,193,113,251,135,
230085_O50.png,211,135,253,175,
230086_D28.png,198,172,274,227,
230087_W24.png,216,208,252,253,
230088_N18.png,196,244,273,268,
230089_N18.png,195,262,276,286,
230090_Q3.png,233,280,272,326,
230091_X1.png,193,295,240,325,
230092_N1.png,192,328,276,359,
230093_N35.png,210,356,272,381,
230094_UNKNOWN.png,191,357,218,384,
230095_G5.png,192,378,280,465,
230096_G25.png,191,455,284,540,
230097_O50.png,240,532,280,574,
230098_X1.png,197,542,241,570,
230099_N18.png,196,569,276,594,
230100_U33.png,242,590,279,668,
230101_M17.png,190,590,228,669,
230102_U28.png,253,665,285,741,
230103_UNKNOWN.png,191,665,282,793,
230104_UNKNOWN.png,248,756,281,778,
230105_G5.png,197,781,281,872,
230106_UNKNOWN.png,230,901,260,934,
230107_G25.png,193,860,260,919,
230108_UNKNOWN.png,213,902,243,936,
230109_O50.png,239,932,270,969,
230110_UNKNOWN.png,210,945,238,966,
230111_X1.png,197,940,226,966,
230112_UNKNOWN.png,199,968,241,989,
230113_U33.png,246,988,269,1070,
230114_M17.png,209,990,230,1074,
230115_M17.png,259,1065,281,1144,
230116_G17.png,195,1070,258,1149,
230117_UNKNOWN.png,223,1118,252,1145,
230118_O50.png,219,1143,261,1185,
230119_D21.png,203,1182,273,1212,
230120_N5.png,217,1205,264,1249,
230121_O34.png,197,1274,280,1295,
230122_O50.png,219,1289,252,1325,
230123_UNKNOWN.png,246,1325,274,1381,
230124_W24.png,223,1358,254,1398,
230125_D28.png,203,1320,254,1383,
230126_Q3.png,221,1441,256,1493,
230127_X1.png,215,1502,257,1531,
230128_W25.png,300,13,342,77,
230129_UNKNOWN.png,289,0,309,77,
230130_N35.png,286,74,338,97,
230131_E34.png,297,102,358,151,
230132_N35.png,294,143,360,168,
230133_M17.png,333,156,354,219,
230134_S29.png,305,157,330,221,
230135_Q3.png,308,230,347,278,
230136_N35.png,296,273,375,298,
230137_UNKNOWN.png,283,275,307,302,
230138_N29.png,331,301,367,349,
230139_UNKNOWN.png,290,298,330,353,
230140_UNKNOWN.png,307,348,342,371,
230141_UNKNOWN.png,295,353,362,394,
230142_S29.png,315,386,344,468,
230143_UNKNOWN.png,287,395,317,428,
230144_UNKNOWN.png,294,429,320,460,
230145_G17.png,293,458,368,541,
230146_UNKNOWN.png,293,468,317,496,
230147_D52.png,289,533,370,570,
230148_D21.png,293,561,364,591,
230149_H6.png,329,584,356,644,
230150_H6.png,288,585,330,645,
230151_M23.png,301,648,352,742,
230152_UNKNOWN.png,327,784,358,823,
230153_G43.png,299,732,358,823,
230154_V28.png,335,816,361,900,
230155_UNKNOWN.png,299,820,320,872,
230156_UNKNOWN.png,293,854,320,903,
230157_G17.png,294,906,357,995,
230158_G17.png,291,992,350,1067,
230159_X1.png,307,1071,354,1098,
230160_UNKNOWN.png,311,1095,349,1133,
230161_UNKNOWN.png,309,1166,355,1181,
230162_UNKNOWN.png,301,1153,352,1174,
230163_UNKNOWN.png,297,1167,316,1205,
230164_UNKNOWN.png,289,1156,310,1189,
230165_UNKNOWN.png,289,1198,339,1227,
230166_M23.png,313,1238,342,1311,
230167_G43.png,301,1295,362,1368,
230168_UNKNOWN.png,331,1346,356,1385,
230169_N37.png,293,1380,348,1411,
230170_UNKNOWN.png,349,1424,370,1465,
230171_V7.png,339,1419,362,1499,
230172_M17.png,301,1423,322,1505,
230173_X1.png,310,1491,351,1519,
230174_F31.png,396,32,447,121,
230175_N29.png,422,118,458,165,
230176_X1.png,377,135,424,162,
230177_N25.png,384,163,459,212,
230178_N31.png,379,205,466,247,
230179_S29.png,430,248,458,336,
230180_V28.png,385,250,423,338,
230181_D46.png,379,332,463,366,
230182_F18.png,380,355,462,392,
230183_N1.png,381,383,468,414,
230184_G17.png,385,404,456,490,
230185_V31.png,376,481,446,518,
230186_M17.png,413,512,434,595,
230187_UNKNOWN.png,391,626,434,651,
230188_Q3.png,421,653,460,705,
230189_V28.png,390,645,415,722,
230190_D54.png,382,715,461,774,
230191_UNKNOWN.png,404,765,458,786,
230192_UNKNOWN.png,387,766,413,787,
230193_E34.png,393,792,448,832,
230194_UNKNOWN.png,420,828,452,848,
230195_M17.png,425,845,446,905,
230196_S29.png,401,847,422,911,
230197_N29.png,437,936,469,976,
230198_G1.png,377,915,443,992,
230199_G43.png,389,985,450,1059,
230200_G43.png,393,1074,457,1145,
230201_Q3.png,426,1162,462,1209,
230202_X1.png,380,1177,423,1203,
230203_N1.png,384,1199,468,1229,
230204_U1.png,399,1221,463,1284,
230205_D4.png,393,1277,468,1309,
230206_G1.png,390,1305,454,1384,
230207_UNKNOWN.png,408,1356,433,1384,
230208_UNKNOWN.png,386,1384,414,1409,
230209_I9.png,385,1402,476,1439,
230210_I10.png,385,1428,470,1515,
230211_X1.png,411,1461,443,1496,
230212_Z1.png,422,1500,443,1540,
230213_N35.png,482,9,542,30,
230214_UNKNOWN.png,533,49,556,91,
230215_S29.png,490,23,513,88,
230216_UNKNOWN.png,513,92,560,128,
230217_S29.png,507,124,534,205,
230218_UNKNOWN.png,474,109,526,170,
230219_I9.png,475,196,562,233,
230220_M17.png,530,226,558,309,
230221_W25.png,481,228,534,311,
230222_N35.png,474,302,564,330,
230223_F13.png,474,325,561,376,
230224_Q3.png,521,372,559,420,
230225_X1.png,474,388,521,418,
230226_Y2.png,475,418,564,452,
230227_M18.png,506,446,544,531,
230228_X1.png,497,531,544,561,
230229_D21.png,479,557,544,586,
230230_I9.png,475,579,564,615,
230231_S29.png,539,604,565,688,
230232_V4.png,483,616,543,688,
230233_UNKNOWN.png,497,635,524,657,
230234_N31.png,478,684,565,728,
230235_N35.png,512,722,560,743,
230236_UNKNOWN.png,481,725,514,743,
230237_UNKNOWN.png,496,753,538,782,
230238_E34.png,490,769,551,798,
230239_M17.png,529,809,546,877,
230240_S29.png,505,813,520,878,
230241_UNKNOWN.png,499,810,515,861,
230242_O1.png,491,935,550,980,
230243_UNKNOWN.png,501,982,536,1030,
230244_UNKNOWN.png,531,1021,565,1046,
230245_I9.png,477,1033,545,1056,
230246_UNKNOWN.png,506,1071,527,1116,
230247_UNKNOWN.png,497,1063,521,1122,
230248_UNKNOWN.png,513,1132,535,1184,
230249_UNKNOWN.png,503,1173,530,1208,
230250_G43.png,489,1201,552,1276,
230251_F9.png,503,1284,534,1355,
230252_N37.png,485,1355,561,1387,
230253_G36.png,478,1397,562,1469,
230254_UNKNOWN.png,523,1434,552,1467,
230255_UNKNOWN.png,523,1469,567,1497,
230256_D35.png,488,1463,535,1500,
230257_N24.png,508,1497,564,1525,
230258_UNKNOWN.png,488,1499,516,1528,
230259_G43.png,577,66,638,159,
230260_S29.png,598,152,628,232,
230261_V13.png,570,223,656,262,
230262_M23.png,589,254,638,341,
230263_G43.png,578,330,645,427,
230264_D21.png,575,417,653,448,
230265_O50.png,593,445,632,488,
230266_V13.png,569,479,657,520,
230267_G43.png,577,511,648,639,
230268_UNKNOWN.png,601,644,646,673,
230269_UNKNOWN.png,575,619,610,675,
230270_D35.png,585,667,661,703,
230271_O50.png,596,691,632,731,
230272_UNKNOWN.png,611,732,661,765,
230273_D35.png,571,727,624,767,
230274_G17.png,579,761,650,844,
230275_UNKNOWN.png,605,815,636,842,
230276_E34.png,595,851,642,889,
230277_UNKNOWN.png,587,871,619,896,
230278_M17.png,625,906,643,957,
230279_UNKNOWN.png,600,911,616,970,
230280_S29.png,593,904,616,953,
230281_D28.png,589,979,644,1033,
230282_UNKNOWN.png,584,1023,661,1049,
230283_UNKNOWN.png,570,1030,591,1065,
230284_UNKNOWN.png,613,1063,632,1102,
230285_UNKNOWN.png,571,1060,595,1114,
230286_Q3.png,621,1110,656,1155,
230287_X1.png,576,1118,612,1149,
230288_N1.png,578,1147,661,1179,
230289_D46.png,583,1216,661,1249,
230290_I10.png,574,1161,661,1250,
230291_M17.png,611,1242,636,1324,
230292_D21.png,583,1320,652,1349,
230293_V31.png,577,1346,661,1387,
230294_O50.png,601,1396,628,1435,
230295_UNKNOWN.png,599,1430,632,1531,
230296_D21.png,667,19,744,50,
230297_V13.png,763,55,840,91,
230298_V13.png,763,85,842,121,
230299_UNKNOWN.png,683,43,732,112,
230300_G43.png,767,117,834,207,
230301_M23.png,679,107,730,191,
230302_M17.png,791,199,818,278,
230303_G43.png,669,181,734,275,
230304_D21.png,764,274,840,304,
230305_O50.png,783,299,821,341,
230306_X1.png,781,337,828,365,
230307_S29.png,697,269,724,352,
230308_V13.png,667,342,750,381,
230309_UNKNOWN.png,801,402,828,435,
230310_M23.png,776,363,824,451,
230311_M23.png,681,374,733,458,
230312_G43.png,769,440,838,535,
230313_G43.png,673,445,742,538,
230314_S29.png,793,532,822,618,
230315_D21.png,671,530,750,561,
230316_O50.png,693,553,728,592,
230317_UNKNOWN.png,695,588,734,603,
230318_V13.png,667,588,729,624,
230319_UNKNOWN.png,819,628,847,648,
230320_V13.png,767,612,846,648,
230321_UNKNOWN.png,788,632,823,649,
230322_M23.png,781,645,828,730,
230323_G43.png,680,623,736,698,
230324_UNKNOWN.png,699,678,733,720,
230325_G43.png,769,725,835,818,
230326_UNKNOWN.png,798,780,828,818,
230327_G17.png,674,718,742,805,
230328_UNKNOWN.png,713,768,736,797,
230329_UNKNOWN.png,701,773,726,801,
230330_D35.png,669,796,753,833,
230331_D21.png,767,816,838,850,
230332_UNKNOWN.png,691,824,718,864,
230333_O50.png,783,844,825,884,
230334_UNKNOWN.png,794,880,847,900,
230335_D35.png,667,858,755,899,
230336_UNKNOWN.png,800,895,847,915,
230337_UNKNOWN.png,764,885,809,924,
230338_G43.png,769,913,834,1009,
230339_G17.png,675,891,742,973,
230340_UNKNOWN.png,702,937,741,973,
230341_UNKNOWN.png,705,967,757,1112,
230342_UNKNOWN.png,691,983,724,1009,
230343_G17.png,767,999,838,1088,
230344_E34.png,683,997,734,1024,
230345_UNKNOWN.png,695,1008,732,1025,
230346_UNKNOWN.png,796,1048,844,1086,
230347_M17.png,721,1034,738,1104,
230348_S29.png,698,1040,713,1104,
230349_UNKNOWN.png,671,968,712,1114,
230350_UNKNOWN.png,692,1037,708,1087,
230351_UNKNOWN.png,807,1086,847,1116,
230352_UNKNOWN.png,765,1077,822,1118,
230353_O50.png,791,1106,828,1141,
230354_D35.png,766,1134,847,1176,
230355_Z11.png,679,1114,726,1196,
230356_G17.png,773,1164,842,1245,
230357_UNKNOWN.png,808,1209,839,1241,
230358_UNKNOWN.png,692,1221,738,1259,
230359_UNKNOWN.png,790,1248,821,1275,
230360_X1.png,725,1256,762,1281,
230361_UNKNOWN.png,673,1234,694,1272,
230362_UNKNOWN.png,707,1265,728,1300,
230363_UNKNOWN.png,670,1253,704,1305,
230364_M17.png,817,1300,835,1366,
230365_UNKNOWN.png,772,1236,816,1378,
230366_S29.png,797,1307,811,1367,
230367_UNKNOWN.png,789,1303,808,1351,
230368_N14.png,708,1299,748,1355,
230369_UNKNOWN.png,681,1298,724,1354,
230370_UNKNOWN.png,810,1377,846,1403,
230371_UNKNOWN.png,768,1385,814,1465,
230372_D46.png,681,1383,737,1425,
230373_UNKNOWN.png,671,1361,726,1428,
230374_Q3.png,793,1471,828,1523,
230375_M44.png,773,1457,792,1544,
230376_M17.png,705,1419,729,1508,
230377_E34.png,863,5,930,49,
230378_N35.png,863,44,930,67,
230379_M17.png,903,64,924,131,
230380_S29.png,871,65,894,131,
230381_UNKNOWN.png,903,138,944,178,
230382_UNKNOWN.png,863,159,939,270,
230383_S29.png,881,265,909,351,
230384_V13.png,863,346,941,369,
230385_UNKNOWN.png,863,361,942,386,
230386_V13.png,863,380,938,409,
230387_UNKNOWN.png,863,397,940,422,
230388_G43.png,863,416,930,516,
230389_M17.png,919,509,945,617,
230390_D21.png,863,516,923,547,
230391_O50.png,867,561,910,604,
230392_X1.png,881,601,926,631,
230393_M23.png,873,627,923,722,
230394_G43.png,865,714,933,793,
230395_UNKNOWN.png,897,774,919,814,
230396_UNKNOWN.png,881,776,903,812,
230397_S29.png,890,811,918,895,
230398_UNKNOWN.png,863,895,943,914,
230399_UNKNOWN.png,881,907,946,938,
230400_UNKNOWN.png,891,922,926,983,
230401_UNKNOWN.png,876,970,912,1010,
230402_G43.png,863,1001,928,1097,
230403_M17.png,891,1092,918,1181,
230404_D21.png,865,1176,938,1205,
230405_O50.png,885,1199,920,1242,
230406_V13.png,864,1223,946,1270,
230407_G43.png,870,1263,934,1362,
230408_UNKNOWN.png,904,1317,924,1358,
230409_UNKNOWN.png,915,1398,945,1433,
230410_G17.png,874,1350,944,1437,
230411_UNKNOWN.png,904,1406,931,1435,
230412_UNKNOWN.png,865,1428,920,1499,
230413_G17.png,875,1488,937,1563,
230414_V13.png,953,0,1032,35,
230415_G43.png,957,34,1022,129,
230416_UNKNOWN.png,979,174,1033,205,
230417_G17.png,953,121,1020,207,
230418_D35.png,953,198,1044,241,
230419_O50.png,973,232,1013,272,
230420_D35.png,953,264,1044,309,
230421_G17.png,953,304,1035,400,
230422_E34.png,965,409,1034,450,
230423_N35.png,965,441,1035,462,
230424_M17.png,1005,455,1029,528,
230425_S29.png,972,456,999,527,
230426_N5.png,975,540,1020,582,
230427_S29.png,985,583,1013,668,
230428_UNKNOWN.png,979,664,1027,682,
230429_V13.png,957,666,1043,699,
230430_UNKNOWN.png,1008,695,1040,717,
230431_UNKNOWN.png,977,698,1012,720,
230432_V13.png,955,700,1042,735,
230433_UNKNOWN.png,1005,733,1033,768,
230434_G43.png,967,728,1032,823,
230435_UNKNOWN.png,995,781,1027,820,
230436_M17.png,1015,821,1045,918,
230437_D21.png,956,823,1018,850,
230438_O50.png,971,846,1014,890,
230439_X1.png,971,883,1016,924,
230440_M23.png,982,912,1020,997,
230441_G43.png,964,991,1030,1086,
230442_S29.png,988,1080,1017,1159,
230443_M23.png,988,1181,1014,1264,
230444_G43.png,969,1256,1027,1331,
230445_M17.png,1030,1352,1046,1423,
230446_UNKNOWN.png,997,1355,1039,1379,
230447_D21.png,964,1350,1018,1378,
230448_O50.png,983,1381,1017,1423,
230449_UNKNOWN.png,963,1428,993,1464,
230450_G43.png,975,1462,1033,1535,
230451_D36.png,1055,67,1136,107,
230452_X1.png,1070,103,1118,129,
230453_N31.png,1055,125,1137,170,
230454_N35.png,1055,168,1138,191,
230455_V28.png,1078,187,1120,279,
230456_X1.png,1075,310,1126,338,
230457_N31.png,1055,333,1140,374,
230458_E34.png,1065,391,1131,443,
230459_N35.png,1065,436,1136,458,
230460_M17.png,1103,453,1123,523,
230461_S29.png,1071,452,1096,514,
230462_Q3.png,1099,550,1137,601,
230463_M17.png,1063,536,1091,623,
230464_D4.png,1055,618,1138,653,
230465_G43.png,1061,648,1128,750,
230466_UNKNOWN.png,1099,746,1140,803,
230467_F13.png,1055,744,1104,806,
230468_Q3.png,1079,800,1122,850,
230469_X1.png,1077,844,1126,873,
230470_N35.png,1065,870,1140,894,
230471_N37.png,1061,888,1140,921,
230472_N35.png,1089,916,1140,943,
230473_UNKNOWN.png,1067,910,1090,940,
230474_UNKNOWN.png,1084,935,1140,982,
230475_UNKNOWN.png,1084,973,1134,994,
230476_UNKNOWN.png,1057,961,1082,995,
230477_UNKNOWN.png,1055,988,1140,1013,
230478_UNKNOWN.png,1124,1011,1140,1090,
230479_I10.png,1055,1008,1129,1088,
230480_UNKNOWN.png,1083,1107,1137,1135,
230481_G17.png,1055,1051,1124,1136,
230482_UNKNOWN.png,1099,1139,1132,1164,
230483_UNKNOWN.png,1070,1127,1112,1163,
230484_O50.png,1083,1155,1115,1191,
230485_D35.png,1055,1185,1123,1221,
230486_G17.png,1063,1211,1127,1295,
230487_UNKNOWN.png,1085,1304,1114,1327,
230488_E34.png,1077,1314,1114,1348,
230489_S29.png,1083,1359,1105,1430,
230490_UNKNOWN.png,1065,1291,1104,1446,
230491_UNKNOWN.png,1089,1459,1110,1551,
