030000_D35.png,113,29,204,74,
030001_V28.png,143,56,175,132,
030002_UNKNOWN.png,85,33,118,106,
030003_UNKNOWN.png,77,32,93,88,
030004_D58.png,22,41,63,105,
030005_N37.png,27,114,103,143,
030006_X1.png,134,131,181,158,
030007_U15.png,115,154,198,196,
030008_Q3.png,67,141,104,187,
030009_X1.png,23,155,69,182,
030010_G39.png,119,189,193,268,
030011_N1.png,22,187,104,220,
030012_UNKNOWN.png,58,212,80,264,
030013_UNKNOWN.png,31,211,70,272,
030014_N35.png,116,268,198,290,
030015_UNKNOWN.png,53,257,73,301,
030016_UNKNOWN.png,120,282,197,335,
030017_UNKNOWN.png,66,295,107,314,
030018_UNKNOWN.png,23,297,66,317,
030019_W11.png,114,328,157,382,
030020_O50.png,44,309,85,349,
030021_X1.png,155,337,200,376,
030022_UNKNOWN.png,118,373,202,520,
030023_UNKNOWN.png,134,387,175,414,
030024_E34.png,123,399,190,432,
030025_UNKNOWN.png,117,376,166,452,
030026_S29.png,76,344,104,429,
030027_M44.png,32,355,52,430,
030028_N35.png,125,425,188,445,
030029_M17.png,158,437,182,502,
030030_S29.png,131,440,157,502,
030031_UNKNOWN.png,46,430,100,460,
030032_UNKNOWN.png,63,469,96,507,
030033_UNKNOWN.png,34,479,106,530,
030034_N17.png,112,558,193,577,
030035_E34.png,36,538,79,572,
030036_UNKNOWN.png,25,522,74,589,
030037_D46.png,114,574,199,604,
030038_UNKNOWN.png,50,524,100,655,
030039_UNKNOWN.png,40,577,64,620,
030040_O50.png,131,598,179,643,
030041_UNKNOWN.png,130,637,177,691,
030042_D21.png,114,690,191,717,
030043_M17.png,74,650,98,734,
030044_S29.png,28,654,53,740,
030045_S29.png,140,713,169,788,
030046_UNKNOWN.png,57,734,79,785,
030047_UNKNOWN.png,44,726,68,784,
030048_N35.png,111,783,198,806,
030049_D21.png,116,797,189,826,
030050_UNKNOWN.png,51,773,89,823,
030051_G17.png,112,817,190,901,
030052_N35.png,19,816,102,841,
030053_O50.png,38,832,84,881,
030054_V13.png,107,888,193,927,
030055_UNKNOWN.png,57,865,103,940,
030056_G40.png,101,914,204,996,
030057_UNKNOWN.png,14,907,66,943,
030058_S29.png,69,936,101,1030,
030059_M44.png,28,946,55,1030,
030060_M17.png,155,992,188,1080,
030061_M17.png,119,994,146,1080,
030062_UNKNOWN.png,36,1021,80,1044,
030063_D46.png,18,1028,105,1058,
030064_X1.png,41,1049,83,1076,
030065_D21.png,109,1071,195,1107,
030066_S29.png,135,1100,170,1186,
030067_UNKNOWN.png,99,1093,118,1176,
030068_N14.png,31,1072,90,1147,
030069_N35.png,106,1177,199,1205,
030070_G43.png,29,1147,88,1233,
030071_R8.png,160,1199,199,1280,
030072_UNKNOWN.png,109,1193,174,1285,
030073_S29.png,131,1276,160,1353,
030074_UNKNOWN.png,16,1226,106,1320,
030075_UNKNOWN.png,67,1315,103,1385,
030076_D58.png,36,1272,81,1352,
030077_G40.png,109,1341,204,1416,
030078_UNKNOWN.png,19,1344,94,1388,
030079_I9.png,21,1373,105,1416,
030080_UNKNOWN.png,135,1412,194,1454,
030081_UNKNOWN.png,107,1414,140,1437,
030082_S29.png,157,1427,183,1506,
030083_M44.png,115,1430,137,1507,
030084_R8.png,71,1437,104,1508,
030085_UNKNOWN.png,46,1444,60,1508,
030086_R8.png,17,1436,53,1510,
030087_D46.png,105,1501,188,1529,
030088_X1.png,130,1523,171,1548,
030089_N14.png,132,1543,175,1600,
030090_R8.png,70,1506,103,1577,
030091_R8.png,42,1508,77,1579,
030092_R8.png,19,1507,51,1579,
030093_N29.png,237,29,272,70,
030094_I9.png,204,61,293,101,
030095_N35.png,206,89,291,120,
030096_N35.png,207,112,293,138,
030097_S29.png,243,133,264,216,
030098_UNKNOWN.png,233,134,253,200,
030099_N35.png,206,215,291,239,
030100_S29.png,234,230,266,314,
030101_N35.png,206,309,295,335,
030102_G50.png,201,321,296,404,
030103_UNKNOWN.png,210,402,294,573,
030104_G7.png,202,398,260,467,
030105_UNKNOWN.png,246,448,290,566,
030106_UNKNOWN.png,259,519,289,566,
030107_UNKNOWN.png,234,506,257,568,
030108_X1.png,222,561,274,591,
030109_G43.png,213,585,279,670,
030110_UNKNOWN.png,202,659,294,738,
030111_O28.png,258,734,285,817,
030112_UNKNOWN.png,207,735,258,819,
030113_T28.png,219,805,274,862,
030114_D1.png,216,848,269,899,
030115_N5.png,218,887,272,942,
030116_UNKNOWN.png,216,937,283,1054,
030117_UNKNOWN.png,202,1019,224,1053,
030118_A55.png,204,1046,282,1120,
030119_D4.png,204,1114,286,1151,
030120_S29.png,230,1144,256,1220,
030121_N35.png,201,1216,286,1239,
030122_UNKNOWN.png,239,1230,279,1309,
030123_UNKNOWN.png,202,1231,242,1309,
030124_N35.png,200,1306,282,1329,
030125_UNKNOWN.png,208,1322,285,1402,
030126_X1.png,247,1441,283,1466,
030127_G43.png,217,1402,268,1484,
030128_R8.png,249,1486,288,1567,
030129_UNKNOWN.png,232,1534,261,1556,
030130_G7.png,210,1483,253,1569,
030131_UNKNOWN.png,200,1497,239,1550,
030132_N35.png,200,1566,280,1590,
030133_UNKNOWN.png,340,90,379,214,
030134_UNKNOWN.png,333,169,362,221,
030135_S29.png,318,147,340,210,
030136_UNKNOWN.png,306,107,322,211,
030137_G17.png,337,218,377,301,
030138_UNKNOWN.png,306,237,348,294,
030139_D58.png,319,292,369,362,
030140_V31.png,294,353,383,407,
030141_G5.png,297,389,383,489,
030142_G5.png,294,464,383,564,
030143_G5.png,300,539,383,623,
030144_UNKNOWN.png,297,630,344,691,
030145_V28.png,358,669,383,748,
030146_I10.png,296,603,383,747,
030147_E34.png,302,849,370,877,
030148_M17.png,336,884,362,943,
030149_S29.png,311,883,339,943,
030150_UNKNOWN.png,342,1183,378,1235,
030151_G39.png,294,1193,373,1278,
030152_UNKNOWN.png,325,1252,378,1352,
030153_UNKNOWN.png,295,1290,336,1317,
030154_UNKNOWN.png,294,1330,383,1410,
030155_UNKNOWN.png,331,1421,378,1447,
030156_UNKNOWN.png,294,1407,339,1448,
030157_UNKNOWN.png,294,1435,375,1499,
030158_UNKNOWN.png,295,1489,366,1529,
030159_UNKNOWN.png,294,1522,363,1586,
030160_UNKNOWN.png,394,83,479,157,
030161_D46.png,392,152,475,183,
030162_N35.png,390,202,478,226,
030163_UNKNOWN.png,409,237,451,261,
030164_E34.png,405,245,463,277,
030165_N35.png,404,268,464,291,
030166_M17.png,430,281,457,351,
030167_S29.png,410,282,434,352,
030168_P8.png,453,360,481,445,
030169_G43.png,395,359,458,446,
030170_Y2.png,395,437,476,470,
030171_I9.png,391,459,478,498,
030172_S29.png,428,490,451,570,
030173_UNKNOWN.png,417,495,439,560,
030174_V31.png,386,564,479,619,
030175_E34.png,411,622,466,661,
030176_UNKNOWN.png,402,639,438,663,
030177_N35.png,398,652,467,680,
030178_M17.png,439,672,462,739,
030179_S29.png,406,675,437,739,
030180_UNKNOWN.png,393,716,472,757,
030181_M17.png,454,747,481,820,
030182_D21.png,388,774,455,806,
030183_M17.png,458,799,481,881,
030184_D36.png,389,820,464,860,
030185_UNKNOWN.png,401,856,463,912,
030186_N35.png,387,910,470,933,
030187_Q3.png,436,926,480,981,
030188_X1.png,386,944,438,980,
030189_N1.png,386,976,478,1007,
030190_S29.png,435,997,472,1084,
030191_Q3.png,392,1011,431,1070,
030192_G40.png,386,1075,481,1155,
030193_N35.png,386,1144,478,1172,
030194_F13.png,390,1164,472,1211,
030195_N31.png,386,1205,472,1244,
030196_N31.png,390,1230,475,1273,
030197_N31.png,391,1265,472,1305,
030198_UNKNOWN.png,386,1298,481,1474,
030199_E34.png,404,1488,460,1531,
030200_UNKNOWN.png,398,1508,441,1534,
030201_N35.png,397,1527,461,1551,
030202_UNKNOWN.png,491,12,568,113,
030203_E34.png,499,145,559,181,
030204_N35.png,498,178,556,199,
030205_M17.png,532,191,553,255,
030206_S29.png,500,194,524,256,
030207_N35.png,494,316,571,341,
030208_I10.png,480,266,569,364,
030209_V28.png,543,329,573,421,
030210_G21.png,483,334,551,420,
030211_UNKNOWN.png,483,419,568,453,
030212_G17.png,484,451,563,541,
030213_I10.png,479,529,569,625,
030214_D21.png,497,579,568,616,
030215_X1.png,507,603,548,636,
030216_G40.png,484,627,573,691,
030217_Q3.png,495,689,542,747,
030218_G40.png,481,735,573,808,
030219_G1.png,489,804,563,889,
030220_Q3.png,507,884,546,928,
030221_G40.png,479,909,572,993,
030222_G1.png,480,980,561,1075,
030223_D21.png,483,1064,566,1099,
030224_G17.png,504,1094,555,1181,
030225_UNKNOWN.png,480,1141,520,1179,
030226_V13.png,479,1161,570,1208,
030227_Q3.png,504,1207,541,1257,
030228_G40.png,480,1249,573,1332,
030229_UNKNOWN.png,479,1293,525,1327,
030230_G35.png,482,1330,561,1418,
030231_E34.png,493,1432,558,1480,
030232_N35.png,490,1469,560,1498,
030233_M17.png,528,1490,550,1557,
030234_S29.png,494,1490,524,1557,
030235_D21.png,484,1570,560,1600,
030236_UNKNOWN.png,583,5,633,31,
030237_I9.png,583,31,664,60,
030238_D46.png,578,51,657,81,
030239_G43.png,584,72,650,169,
030240_Z1.png,630,163,650,206,
030241_Z1.png,616,166,634,206,
030242_Z1.png,600,167,620,206,
030243_Z1.png,581,166,603,208,
030244_M17.png,636,201,664,291,
030245_Q3.png,585,210,626,263,
030246_G43.png,581,259,645,353,
030247_O34.png,580,348,661,374,
030248_UNKNOWN.png,573,369,662,436,
030249_UNKNOWN.png,579,446,655,506,
030250_D28.png,577,429,654,491,
030251_N18.png,580,501,658,542,
030252_N18.png,582,537,658,559,
030253_G43.png,585,552,646,642,
030254_D36.png,575,624,666,669,
030255_D60.png,592,659,653,731,
030256_UNKNOWN.png,594,677,637,741,
030257_D46.png,577,737,658,765,
030258_G43.png,591,758,646,840,
030259_N35.png,573,831,661,855,
030260_UNKNOWN.png,602,859,657,881,
030261_V13.png,578,844,656,879,
030262_UNKNOWN.png,571,872,663,924,
030263_UNKNOWN.png,571,915,643,999,
030264_D4.png,573,987,663,1022,
030265_UNKNOWN.png,601,1014,668,1105,
030266_UNKNOWN.png,574,1045,616,1102,
030267_O1.png,590,1095,667,1148,
030268_UNKNOWN.png,571,1097,604,1150,
030269_D21.png,576,1141,659,1172,
030270_X1.png,596,1168,644,1197,
030271_I9.png,574,1184,662,1224,
030272_M17.png,598,1219,630,1301,
030273_D21.png,576,1293,659,1326,
030274_Q3.png,621,1323,658,1379,
030275_X1.png,575,1339,620,1367,
030276_N37.png,577,1372,661,1398,
030277_U28.png,630,1401,666,1478,
030278_G1.png,589,1398,636,1479,
030279_UNKNOWN.png,573,1447,605,1480,
030280_P13.png,572,1482,663,1524,
030281_I9.png,583,1517,662,1555,
030282_UNKNOWN.png,664,1014,694,1045,
030283_UNKNOWN.png,677,4,726,26,
030284_G17.png,674,14,754,103,
030285_R8.png,727,101,759,185,
030286_G7.png,671,97,735,185,
030287_UNKNOWN.png,668,184,759,242,
030288_G35.png,665,233,747,317,
030289_G17.png,671,299,748,381,
030290_N29.png,698,371,737,415,
030291_D58.png,702,406,752,470,
030292_V28.png,670,401,700,475,
030293_G43.png,681,467,741,556,
030294_W15.png,695,549,744,638,
030295_G43.png,681,632,738,718,
030296_D46.png,669,709,753,743,
030297_UNKNOWN.png,668,733,755,823,
030298_UNKNOWN.png,665,810,756,838,
030299_E34.png,676,843,743,885,
030300_N35.png,675,878,742,906,
030301_M17.png,712,893,734,936,
030302_S29.png,685,893,709,945,
030303_V13.png,671,965,755,1001,
030304_G43.png,696,991,740,1079,
030305_UNKNOWN.png,679,1028,712,1061,
030306_X1.png,689,1078,737,1112,
030307_G5.png,694,1103,752,1194,
030308_UNKNOWN.png,666,1152,713,1203,
030309_G39.png,667,1188,754,1270,
030310_O34.png,669,1261,756,1290,
030311_UNKNOWN.png,695,1325,743,1360,
030312_Q1.png,694,1282,738,1352,
030313_D4.png,667,1351,758,1388,
030314_V13.png,668,1380,751,1417,
030315_G43.png,678,1412,737,1499,
030316_E34.png,680,1535,747,1581,
030317_N35.png,680,1575,747,1596,
030318_UNKNOWN.png,812,19,837,44,
030319_D36.png,761,42,850,80,
030320_E34.png,776,89,838,127,
030321_N35.png,778,122,838,143,
030322_UNKNOWN.png,757,85,769,152,
030323_M17.png,811,137,832,196,
030324_S29.png,780,139,802,201,
030325_G17.png,768,213,843,296,
030326_T22.png,825,290,850,376,
030327_UNKNOWN.png,768,294,820,317,
030328_UNKNOWN.png,768,309,820,333,
030329_W24.png,772,329,807,388,
030330_G43.png,772,371,838,470,
030331_G5.png,765,463,854,552,
030332_M17.png,827,543,856,632,
030333_G43.png,772,543,834,636,
030334_O34.png,763,629,852,654,
030335_N37.png,766,651,854,685,
030336_Y3.png,766,679,831,768,
030337_Y2.png,762,761,853,791,
030338_N35.png,761,786,852,814,
030339_I9.png,757,801,856,845,
030340_D46.png,764,836,853,870,
030341_Z1.png,819,867,843,912,
030342_UNKNOWN.png,783,868,824,916,
030343_Z1.png,770,868,793,916,
030344_M17.png,820,911,856,1004,
030345_Q3.png,771,911,814,969,
030346_G43.png,762,965,824,1062,
030347_G25.png,759,1055,848,1142,
030348_G25.png,761,1138,850,1222,
030349_G25.png,764,1217,854,1296,
030350_M17.png,822,1293,849,1382,
030351_UNKNOWN.png,777,1295,810,1340,
030352_UNKNOWN.png,777,1327,821,1382,
030353_UNKNOWN.png,759,1328,786,1350,
030354_G43.png,777,1379,837,1472,
030355_O28.png,820,1470,849,1555,
030356_W24.png,765,1468,806,1512,
030357_O49.png,774,1506,814,1557,
030358_UNKNOWN.png,765,1511,787,1550,
030359_UNKNOWN.png,865,56,906,90,
030360_X1.png,879,89,928,118,
030361_Q3.png,902,114,947,165,
030362_X1.png,861,127,903,157,
030363_UNKNOWN.png,901,167,950,187,
030364_UNKNOWN.png,900,176,944,199,
030365_UNKNOWN.png,855,180,896,201,
030366_E23.png,862,199,951,245,
030367_Q3.png,907,243,945,296,
030368_X1.png,861,254,908,284,
030369_N1.png,857,288,953,325,
030370_V28.png,887,321,920,404,
030371_N35.png,860,398,949,425,
030372_V31.png,859,416,945,460,
030373_D39.png,860,452,950,495,
030374_X1.png,881,491,925,519,
030375_UNKNOWN.png,861,512,945,636,
030376_UNKNOWN.png,858,635,943,726,
030377_X1.png,869,721,925,755,
030378_G17.png,865,745,942,830,
030379_D36.png,859,828,948,869,
030380_G35.png,856,855,948,976,
030381_G43.png,871,969,951,1066,
030382_UNKNOWN.png,902,1061,924,1133,
030383_UNKNOWN.png,878,1061,902,1134,
030384_U1.png,865,1121,936,1200,
030385_G35.png,857,1196,941,1295,
030386_N29.png,904,1278,947,1332,
030387_X1.png,857,1299,905,1329,
030388_P6.png,884,1326,924,1419,
030389_M17.png,918,1406,947,1496,
030390_M42.png,855,1412,914,1494,
030391_N35.png,856,1488,951,1521,
030392_V4.png,869,1513,937,1585,
030393_UNKNOWN.png,886,1533,914,1559,
030394_UNKNOWN.png,974,50,992,87,
030395_N35.png,955,82,1042,112,
030396_V4.png,985,106,1031,165,
030397_UNKNOWN.png,971,107,995,171,
030398_X1.png,975,165,1021,194,
030399_N31.png,956,188,1043,230,
030400_N35.png,953,223,1047,249,
030401_E34.png,970,253,1029,291,
030402_N35.png,970,283,1031,311,
030403_M17.png,1005,302,1026,362,
030404_S29.png,973,304,999,364,
030405_S29.png,1015,377,1041,457,
030406_V4.png,958,383,1020,466,
030407_G35.png,954,458,1032,545,
030408_N31.png,958,538,1045,582,
030409_E34.png,970,589,1032,628,
030410_N35.png,969,625,1033,648,
030411_M17.png,1007,640,1029,706,
030412_S29.png,974,641,998,704,
030413_M17.png,987,719,1015,819,
030414_UNKNOWN.png,951,829,1042,954,
030415_I10.png,950,790,1042,890,
030416_E1.png,950,944,1050,1041,
030417_UNKNOWN.png,955,1040,1040,1171,
030418_I9.png,950,1157,1047,1198,
030419_D46.png,950,1187,1044,1219,
030420_Z1.png,1011,1220,1034,1262,
030421_Z1.png,995,1220,1017,1261,
030422_Z1.png,976,1220,999,1262,
030423_Z1.png,958,1221,985,1277,
030424_F16.png,956,1260,1037,1322,
030425_F16.png,950,1285,1042,1349,
030426_F16.png,962,1313,1041,1379,
030427_F16.png,962,1341,1045,1412,
030428_F16.png,965,1392,1036,1461,
030429_Z1.png,992,1441,1013,1484,
030430_V31.png,965,1467,1041,1518,
030431_UNKNOWN.png,952,1488,974,1521,
030432_G17.png,960,1510,1031,1594,
030433_N35.png,1051,7,1139,30,
030434_E34.png,1066,40,1120,77,
030435_N35.png,1066,71,1124,92,
030436_M17.png,1100,85,1121,145,
030437_S29.png,1071,86,1095,146,
030438_S29.png,1122,161,1139,238,
030439_UNKNOWN.png,1112,164,1130,220,
030440_V4.png,1056,164,1119,240,
030441_G35.png,1054,234,1133,323,
030442_N31.png,1056,312,1141,350,
030443_E34.png,1066,367,1127,405,
030444_N35.png,1065,400,1126,422,
030445_M17.png,1103,414,1124,477,
030446_S29.png,1073,416,1096,476,
030447_V13.png,1055,488,1140,528,
030448_G43.png,1060,521,1123,611,
030449_X1.png,1072,609,1115,638,
030450_UNKNOWN.png,1052,632,1140,754,
030451_U33.png,1102,745,1130,832,
030452_M17.png,1058,746,1092,825,
030453_D60.png,1069,822,1129,896,
030454_UNKNOWN.png,1070,842,1122,911,
030455_O1.png,1062,910,1133,958,
030456_D21.png,1052,949,1138,981,
030457_M17.png,1082,973,1113,1061,
030458_G17.png,1054,1052,1130,1140,
030459_V31.png,1050,1133,1141,1174,
030460_D58.png,1087,1180,1140,1257,
030461_M17.png,1052,1169,1081,1261,
030462_V31.png,1049,1254,1137,1305,
030463_X1.png,1065,1293,1117,1324,
030464_G5.png,1051,1318,1131,1401,
030465_O49.png,1077,1392,1120,1444,
030466_UNKNOWN.png,1065,1397,1092,1437,
030467_M17.png,1081,1436,1109,1520,
030468_I10.png,1052,1504,1134,1594,
