390000_UNKNOWN.png,40,13,67,77,
390001_UNKNOWN.png,23,93,51,140,
390002_X1.png,21,147,69,182,
390003_F34.png,9,177,77,236,
390004_V31.png,9,234,78,272,
390005_UNKNOWN.png,0,244,20,272,
390006_Q1.png,19,271,71,347,
390007_D4.png,29,347,81,375,
390008_UNKNOWN.png,61,391,83,412,
390009_D35.png,0,373,70,416,
390010_UNKNOWN.png,4,412,40,507,
390011_O50.png,53,527,83,566,
390012_G17.png,2,499,78,584,
390013_N35.png,1,576,80,605,
390014_V31.png,2,597,82,636,
390015_M17.png,61,624,83,714,
390016_I9.png,13,714,83,750,
390017_UNKNOWN.png,40,749,74,782,
390018_UNKNOWN.png,21,753,48,782,
390019_S29.png,49,780,78,875,
390020_UNKNOWN.png,11,783,42,877,
390021_O50.png,24,868,68,910,
390022_G17.png,5,900,82,984,
390023_N35.png,1,975,78,1002,
390024_V31.png,15,1072,83,1108,
390025_M17.png,65,1100,83,1178,
390026_G17.png,7,1106,71,1181,
390027_UNKNOWN.png,41,1199,78,1272,
390028_UNKNOWN.png,17,1235,48,1280,
390029_UNKNOWN.png,40,1272,66,1304,
390030_D35.png,3,1277,50,1310,
390031_S29.png,58,1297,81,1385,
390032_UNKNOWN.png,54,1306,72,1371,
390033_UNKNOWN.png,21,1302,44,1390,
390034_O50.png,52,1401,83,1436,
390035_UNKNOWN.png,36,1381,64,1442,
390036_V31.png,11,1467,83,1506,
390037_UNKNOWN.png,65,1503,83,1556,
390038_M17.png,64,1529,83,1585,
390039_G17.png,33,1509,67,1583,
390040_UNKNOWN.png,13,1554,40,1585,
390041_S29.png,133,12,161,111,
390042_UNKNOWN.png,95,7,121,111,
390043_O50.png,107,99,146,139,
390044_G17.png,86,127,165,221,
390045_V31.png,91,213,160,248,
390046_M17.png,115,238,142,325,
390047_D21.png,88,318,163,347,
390048_I9.png,86,335,169,373,
390049_E9.png,86,367,167,427,
390050_D21.png,86,415,164,444,
390051_V31.png,87,444,162,478,
390052_UNKNOWN.png,127,472,150,498,
390053_E9.png,86,474,165,526,
390054_N35.png,110,527,169,547,
390055_UNKNOWN.png,86,527,120,550,
390056_D58.png,101,549,154,616,
390057_G39.png,86,613,169,695,
390058_G29.png,86,695,169,773,
390059_N35.png,86,770,169,798,
390060_V31.png,99,795,169,833,
390061_UNKNOWN.png,87,800,110,839,
390062_UNKNOWN.png,86,826,168,955,
390063_I9.png,86,941,169,979,
390064_S29.png,134,976,166,1064,
390065_UNKNOWN.png,98,974,126,1067,
390066_O50.png,113,1059,152,1098,
390067_UNKNOWN.png,98,1088,169,1297,
390068_UNKNOWN.png,90,1162,112,1192,
390069_UNKNOWN.png,88,1182,112,1211,
390070_D21.png,93,1290,169,1321,
390071_D35.png,89,1313,169,1379,
390072_D53.png,94,1374,169,1411,
390073_X1.png,108,1400,158,1433,
390074_X1.png,141,1475,169,1506,
390075_G43.png,99,1424,168,1518,
390076_R8.png,147,1525,165,1580,
390077_UNKNOWN.png,113,1516,141,1567,
390078_UNKNOWN.png,104,1525,124,1571,
390079_X1.png,105,1562,140,1589,
390080_M17.png,199,12,223,100,
390081_D46.png,175,123,256,157,
390082_V31.png,175,152,254,188,
390083_M17.png,219,183,248,276,
390084_M17.png,183,185,214,282,
390085_M17.png,194,269,228,358,
390086_I9.png,175,341,260,381,
390087_F31.png,185,370,244,446,
390088_N35.png,175,444,262,473,
390089_V31.png,185,466,256,507,
390090_UNKNOWN.png,175,472,195,504,
390091_Q3.png,199,499,238,550,
390092_UNKNOWN.png,175,531,261,568,
390093_E9.png,175,555,259,634,
390094_UNKNOWN.png,175,600,263,679,
390095_UNKNOWN.png,175,647,198,677,
390096_Q3.png,204,677,240,723,
390097_N35.png,175,717,263,744,
390098_F31.png,183,743,252,836,
390099_V31.png,175,835,260,880,
390100_G5.png,175,881,263,979,
390101_G17.png,183,985,263,1075,
390102_D21.png,184,1066,263,1099,
390103_N35.png,198,1093,257,1115,
390104_UNKNOWN.png,175,1095,209,1118,
390105_I9.png,184,1110,263,1145,
390106_UNKNOWN.png,218,1137,263,1162,
390107_UNKNOWN.png,189,1137,229,1164,
390108_G36.png,177,1154,263,1230,
390109_D21.png,189,1224,263,1257,
390110_G43.png,191,1246,258,1333,
390111_E23.png,209,1323,263,1378,
390112_UNKNOWN.png,184,1342,226,1370,
390113_UNKNOWN.png,182,1405,235,1427,
390114_UNKNOWN.png,218,1423,263,1446,
390115_N17.png,185,1425,240,1446,
390116_S29.png,211,1445,238,1544,
390117_M17.png,291,9,319,97,
390118_D21.png,270,99,347,133,
390119_O50.png,284,130,327,173,
390120_G43.png,272,168,350,262,
390121_D21.png,271,263,350,295,
390122_Z1.png,297,289,318,320,
390123_S29.png,291,313,324,408,
390124_UNKNOWN.png,319,404,353,424,
390125_UNKNOWN.png,283,404,329,423,
390126_M17.png,299,418,328,508,
390127_O50.png,288,503,332,548,
390128_G17.png,272,540,352,619,
390129_S29.png,302,613,330,700,
390130_V31.png,271,692,352,727,
390131_N14.png,283,719,346,782,
390132_N14.png,281,783,349,852,
390133_N14.png,280,852,353,934,
390134_U1.png,281,922,354,991,
390135_D4.png,271,981,356,1012,
390136_G1.png,274,1006,354,1093,
390137_V31.png,284,1088,356,1128,
390138_UNKNOWN.png,273,1100,294,1130,
390139_M17.png,338,1121,359,1198,
390140_G17.png,277,1129,346,1208,
390141_G43.png,287,1194,354,1283,
390142_UNKNOWN.png,270,1238,296,1257,
390143_UNKNOWN.png,322,1289,359,1316,
390144_D36.png,277,1274,327,1315,
390145_V28.png,326,1307,359,1396,
390146_O11.png,287,1313,320,1403,
390147_G5.png,283,1404,359,1501,
390148_UNKNOWN.png,313,1461,342,1494,
390149_O50.png,373,0,415,46,
390150_U15.png,361,69,436,110,
390151_X1.png,365,101,420,134,
390152_U15.png,361,131,438,168,
390153_X1.png,371,165,418,194,
390154_S29.png,401,192,438,295,
390155_M17.png,362,199,392,290,
390156_D36.png,361,283,438,325,
390157_O51.png,364,319,431,377,
390158_UNKNOWN.png,416,375,442,397,
390159_N35.png,361,376,425,402,
390160_V31.png,361,399,440,441,
390161_M23.png,417,439,443,527,
390162_UNKNOWN.png,401,482,428,507,
390163_G43.png,361,436,422,529,
390164_V7.png,379,519,424,604,
390165_N35.png,361,601,440,624,
390166_N35.png,361,618,442,641,
390167_V31.png,361,639,440,675,
390168_M23.png,399,674,443,755,
390169_G43.png,361,673,420,775,
390170_G17.png,366,749,438,832,
390171_F26.png,361,823,443,872,
390172_W24.png,388,868,422,905,
390173_D36.png,362,894,443,937,
390174_V31.png,363,932,442,970,
390175_D35.png,361,963,443,1005,
390176_R8.png,386,1005,435,1089,
390177_S29.png,417,1070,443,1166,
390178_D58.png,369,1086,424,1163,
390179_N14.png,400,1159,439,1219,
390180_UNKNOWN.png,381,1189,412,1228,
390181_UNKNOWN.png,425,1273,443,1309,
390182_G43.png,366,1225,428,1314,
390183_U33.png,397,1343,427,1437,
390184_UNKNOWN.png,379,1432,420,1465,
390185_UNKNOWN.png,380,1456,432,1475,
390186_W24.png,419,1494,443,1527,
390187_U33.png,377,1470,406,1556,
390188_D58.png,457,0,519,75,
390189_I9.png,450,234,530,262,
390190_N35.png,450,260,530,286,
390191_V31.png,450,280,528,318,
390192_M17.png,511,317,534,396,
390193_G17.png,450,319,520,400,
390194_X1.png,461,395,513,430,
390195_F4.png,450,428,532,489,
390196_G5.png,450,476,536,574,
390197_UNKNOWN.png,450,556,532,638,
390198_V31.png,450,632,532,671,
390199_M17.png,507,668,535,754,
390200_G17.png,450,671,516,757,
390201_S29.png,476,755,508,850,
390202_S29.png,503,851,532,953,
390203_O50.png,478,945,516,985,
390204_UNKNOWN.png,460,854,494,966,
390205_G17.png,452,972,536,1064,
390206_V31.png,451,1054,535,1091,
390207_M17.png,516,1084,536,1169,
390208_G17.png,459,1093,522,1174,
390209_S29.png,495,1173,516,1264,
390210_UNKNOWN.png,487,1180,504,1245,
390211_E34.png,480,1264,536,1320,
390212_UNKNOWN.png,463,1290,516,1324,
390213_V31.png,465,1336,536,1374,
390214_M17.png,517,1370,536,1448,
390215_UNKNOWN.png,492,1376,519,1448,
390216_S29.png,493,1448,512,1538,
390217_UNKNOWN.png,485,1455,501,1521,
390218_UNKNOWN.png,509,1530,536,1598,
390219_UNKNOWN.png,498,1547,516,1598,
390220_UNKNOWN.png,488,1531,505,1597,
390221_UNKNOWN.png,473,1545,492,1599,
390222_UNKNOWN.png,461,1548,480,1600,
390223_D2.png,549,7,609,67,
390224_UNKNOWN.png,543,0,566,25,
390225_UNKNOWN.png,541,68,618,108,
390226_UNKNOWN.png,541,99,620,137,
390227_G5.png,541,132,620,225,
390228_G17.png,541,212,620,303,
390229_D21.png,541,303,623,335,
390230_N35.png,541,333,628,357,
390231_I9.png,541,355,624,394,
390232_M17.png,599,392,628,480,
390233_G17.png,541,395,610,481,
390234_V28.png,581,478,622,572,
390235_W24.png,541,507,582,555,
390236_G10.png,541,581,628,675,
390237_V31.png,541,674,626,717,
390238_M17.png,599,720,627,809,
390239_G43.png,541,720,606,810,
390240_N35.png,541,811,626,837,
390241_V31.png,541,831,625,871,
390242_V28.png,565,865,612,959,
390243_UNKNOWN.png,589,952,624,977,
390244_N35.png,541,955,600,980,
390245_G17.png,547,971,627,1056,
390246_G17.png,561,1047,628,1127,
390247_X1.png,563,1121,611,1157,
390248_UNKNOWN.png,567,1152,614,1229,
390249_G43.png,555,1221,623,1314,
390250_Aa26.png,568,1308,607,1401,
390251_V31.png,575,1414,628,1450,
390252_G43.png,561,1441,623,1532,
390253_O50.png,567,1545,597,1588,
390254_UNKNOWN.png,633,48,670,83,
390255_N35.png,630,113,712,139,
390256_N35.png,630,130,712,160,
390257_E34.png,638,170,698,209,
390258_UNKNOWN.png,666,201,702,225,
390259_UNKNOWN.png,647,204,676,223,
390260_M17.png,670,219,698,294,
390261_S29.png,644,219,670,290,
390262_N26.png,673,338,714,375,
390263_G43.png,630,310,696,395,
390264_O1.png,637,394,710,449,
390265_D21.png,632,446,712,480,
390266_V31.png,631,469,710,511,
390267_V24.png,688,505,714,590,
390268_G43.png,635,502,694,591,
390269_N35.png,631,591,712,616,
390270_G43.png,630,613,717,697,
390271_G39.png,630,700,714,788,
390272_D58.png,651,778,704,861,
390273_G17.png,630,866,713,951,
390274_X1.png,646,952,700,985,
390275_V4.png,641,999,718,1089,
390276_G17.png,636,1085,716,1173,
390277_O49.png,653,1172,709,1228,
390278_X1.png,653,1226,707,1261,
390279_M17.png,665,1262,692,1368,
390280_D21.png,661,1366,714,1399,
390281_UNKNOWN.png,651,1370,691,1390,
390282_X1.png,664,1391,704,1421,
390283_N41.png,673,1419,701,1480,
390284_UNKNOWN.png,694,1532,719,1553,
390285_UNKNOWN.png,652,1530,680,1565,
390286_M3.png,721,80,802,116,
390287_X1.png,734,112,789,148,
390288_N5.png,737,148,792,200,
390289_V31.png,731,197,800,240,
390290_UNKNOWN.png,721,206,742,237,
390291_G43.png,727,235,796,329,
390292_D36.png,721,319,806,358,
390293_D58.png,740,356,798,427,
390294_V31.png,721,422,800,462,
390295_M17.png,747,464,782,578,
390296_D21.png,721,571,802,602,
390297_UNKNOWN.png,727,604,799,711,
390298_T20.png,769,631,797,709,
390299_T20.png,725,631,752,709,
390300_V31.png,723,703,798,741,
390301_D58.png,743,734,798,810,
390302_V31.png,721,813,800,852,
390303_X1.png,738,845,792,880,
390304_G37.png,721,872,801,948,
390305_G37.png,721,930,806,1006,
390306_G37.png,721,994,807,1068,
390307_R8.png,749,1062,793,1149,
390308_D21.png,722,1146,807,1178,
390309_X1.png,738,1176,790,1208,
390310_UNKNOWN.png,729,1201,799,1313,
390311_UNKNOWN.png,749,1273,794,1335,
390312_UNKNOWN.png,753,1328,799,1398,
390313_UNKNOWN.png,730,1317,769,1375,
390314_UNKNOWN.png,762,1405,785,1452,
390315_UNKNOWN.png,730,1385,762,1436,
390316_Z11.png,746,1436,806,1492,
390317_UNKNOWN.png,766,1494,800,1526,
390318_Q3.png,771,1528,806,1590,
390319_UNKNOWN.png,746,1550,772,1580,
390320_N35.png,808,30,886,60,
390321_V31.png,808,56,894,96,
390322_N30.png,808,98,895,145,
390323_UNKNOWN.png,848,139,882,173,
390324_N30.png,808,181,897,222,
390325_G5.png,808,220,890,310,
390326_Z7.png,808,312,888,346,
390327_N35.png,808,346,888,377,
390328_V31.png,811,370,888,416,
390329_N30.png,809,405,893,445,
390330_N30.png,808,443,892,487,
390331_N30.png,811,490,890,528,
390332_E9.png,815,523,893,578,
390333_UNKNOWN.png,808,527,826,571,
390334_O4.png,822,576,872,633,
390335_G35.png,808,630,888,716,
390336_E34.png,819,730,879,774,
390337_N35.png,833,767,880,787,
390338_M17.png,848,782,873,854,
390339_S29.png,822,783,849,855,
390340_V16.png,808,884,893,931,
390341_G35.png,813,926,890,1011,
390342_V31.png,822,1002,892,1040,
390343_UNKNOWN.png,812,1010,834,1038,
390344_N37.png,813,1042,890,1074,
390345_Z1.png,844,1070,863,1114,
390346_I10.png,808,1087,893,1185,
390347_P8.png,842,1125,872,1213,
390348_O50.png,836,1208,897,1255,
390349_Z1.png,873,1253,890,1295,
390350_Z1.png,857,1252,876,1297,
390351_Z1.png,839,1253,859,1297,
390352_Z1.png,823,1253,842,1299,
390353_M17.png,842,1292,874,1386,
390354_UNKNOWN.png,823,1316,850,1345,
390355_UNKNOWN.png,859,1385,895,1429,
390356_UNKNOWN.png,824,1390,861,1421,
390357_UNKNOWN.png,858,1420,894,1467,
390358_UNKNOWN.png,820,1418,862,1455,
390359_UNKNOWN.png,859,1453,897,1501,
390360_F13.png,816,1450,878,1488,
390361_X1.png,851,1503,885,1538,
390362_D28.png,833,1532,890,1597,
390363_UNKNOWN.png,848,1558,878,1588,
390364_UNKNOWN.png,830,1534,855,1588,
390365_V31.png,911,77,984,117,
390366_UNKNOWN.png,899,89,920,118,
390367_S29.png,949,124,981,223,
390368_UNKNOWN.png,960,221,984,246,
390369_UNKNOWN.png,897,126,968,250,
390370_V28.png,947,240,987,330,
390371_D58.png,903,255,958,329,
390372_X1.png,917,330,970,363,
390373_UNKNOWN.png,927,364,960,473,
390374_V31.png,911,475,985,514,
390375_UNKNOWN.png,897,485,919,516,
390376_G17.png,894,508,986,630,
390377_V31.png,909,623,986,665,
390378_UNKNOWN.png,899,633,918,664,
390379_V24.png,947,663,979,772,
390380_P8.png,903,664,936,768,
390381_G43.png,909,766,980,868,
390382_N35.png,898,860,986,893,
390383_N37.png,899,886,985,923,
390384_X1.png,919,917,976,951,
390385_G35.png,907,946,980,1030,
390386_UNKNOWN.png,932,996,955,1025,
390387_G43.png,930,1025,988,1127,
390388_Q1.png,942,1128,972,1210,
390389_UNKNOWN.png,903,1130,920,1175,
390390_UNKNOWN.png,941,1194,991,1217,
390391_UNKNOWN.png,914,1164,936,1210,
390392_Q1.png,933,1211,991,1290,
390393_X1.png,903,1244,948,1276,
390394_UNKNOWN.png,955,1305,992,1331,
390395_D36.png,905,1284,962,1327,
390396_V31.png,915,1327,988,1365,
390397_G17.png,945,1355,984,1439,
390398_UNKNOWN.png,919,1406,952,1441,
390399_U15.png,943,1438,993,1484,
390400_X1.png,925,1477,974,1510,
390401_UNKNOWN.png,966,1512,990,1537,
390402_UNKNOWN.png,909,1502,974,1544,
390403_UNKNOWN.png,969,1544,992,1572,
390404_UNKNOWN.png,912,1555,977,1577,
390405_UNKNOWN.png,911,1536,936,1568,
390406_V31.png,943,1572,993,1609,
390407_UNKNOWN.png,907,1583,926,1609,
390408_UNKNOWN.png,995,111,1036,151,
390409_E34.png,1000,157,1056,200,
390410_N35.png,1006,199,1043,217,
390411_M17.png,1035,214,1061,291,
390412_S29.png,1011,212,1040,289,
390413_UNKNOWN.png,1011,331,1040,360,
390414_UNKNOWN.png,1015,388,1044,443,
390415_UNKNOWN.png,997,380,1030,399,
390416_UNKNOWN.png,1005,453,1038,474,
390417_M17.png,1025,528,1056,639,
390418_S29.png,1022,634,1053,740,
390419_UNKNOWN.png,1040,742,1067,827,
390420_UNKNOWN.png,1025,797,1049,828,
390421_UNKNOWN.png,997,797,1032,828,
390422_X1.png,1011,834,1062,866,
390423_U33.png,1023,870,1061,971,
390424_UNKNOWN.png,1050,952,1075,1030,
390425_UNKNOWN.png,1036,990,1063,1041,
390426_UNKNOWN.png,1018,988,1049,1047,
390427_UNKNOWN.png,998,981,1034,1013,
390428_UNKNOWN.png,1050,1041,1082,1101,
390429_UNKNOWN.png,1003,1049,1038,1072,
390430_UNKNOWN.png,1037,1183,1058,1218,
390431_UNKNOWN.png,1013,1217,1060,1263,
390432_UNKNOWN.png,1023,1259,1054,1299,
390433_UNKNOWN.png,1015,1304,1038,1352,
390434_UNKNOWN.png,1019,1371,1038,1420,
390435_UNKNOWN.png,1033,1408,1059,1460,
390436_UNKNOWN.png,1037,1476,1069,1506,
390437_O50.png,1037,1553,1069,1598,
