410000_UNKNOWN.png,32,0,66,21,
410001_UNKNOWN.png,26,25,50,98,
410002_X1.png,21,101,61,127,
410003_UNKNOWN.png,21,122,63,209,
410004_Z1.png,54,201,71,230,
410005_Z1.png,41,204,57,232,
410006_Z1.png,29,203,44,231,
410007_M18.png,31,228,68,317,
410008_N35.png,7,319,71,341,
410009_V31.png,31,337,78,369,
410010_V31.png,8,580,86,618,
410011_E34.png,12,636,71,682,
410012_UNKNOWN.png,45,680,75,699,
410013_N35.png,12,680,53,705,
410014_M17.png,45,692,71,770,
410015_S29.png,15,694,45,770,
410016_Q3.png,26,787,66,847,
410017_N35.png,7,847,87,875,
410018_N37.png,8,868,85,897,
410019_UNKNOWN.png,41,901,77,979,
410020_UNKNOWN.png,12,951,48,989,
410021_S29.png,40,985,68,1080,
410022_D54.png,12,1071,87,1141,
410023_V13.png,14,1130,87,1169,
410024_UNKNOWN.png,50,1248,73,1284,
410025_V28.png,37,1185,66,1285,
410026_UNKNOWN.png,27,1281,65,1308,
410027_UNKNOWN.png,49,1305,83,1333,
410028_M17.png,43,1334,68,1432,
410029_UNKNOWN.png,19,1414,37,1446,
410030_D58.png,39,1453,87,1525,
410031_UNKNOWN.png,39,1524,78,1559,
410032_V4.png,97,59,161,137,
410033_M23.png,99,118,156,206,
410034_G43.png,97,198,152,286,
410035_G25.png,97,359,163,432,
410036_G25.png,97,427,165,499,
410037_M17.png,118,494,145,580,
410038_G17.png,97,570,163,661,
410039_G43.png,97,647,165,748,
410040_N35.png,97,740,169,770,
410041_N35.png,97,766,167,790,
410042_N35.png,97,781,168,807,
410043_U7.png,97,805,163,901,
410044_D21.png,97,898,169,932,
410045_N36.png,97,928,169,955,
410046_G43.png,102,955,168,1052,
410047_I9.png,98,1050,169,1082,
410048_S34.png,110,1077,165,1169,
410049_I9.png,99,1159,169,1191,
410050_M23.png,131,1180,163,1267,
410051_UNKNOWN.png,114,1221,141,1247,
410052_G43.png,110,1254,169,1353,
410053_X1.png,134,1348,163,1378,
410054_UNKNOWN.png,118,1352,146,1378,
410055_S34.png,123,1374,158,1468,
410056_UNKNOWN.png,115,1413,144,1433,
410057_UNKNOWN.png,105,1470,155,1488,
410058_U7.png,118,1489,169,1558,
410059_UNKNOWN.png,106,1487,164,1529,
410060_UNKNOWN.png,206,27,235,100,
410061_D58.png,191,107,250,179,
410062_G43.png,176,174,238,263,
410063_G25.png,175,263,248,340,
410064_O50.png,191,341,231,380,
410065_N35.png,175,376,249,399,
410066_UNKNOWN.png,175,389,251,447,
410067_M17.png,198,434,228,536,
410068_G17.png,175,520,250,607,
410069_Q1.png,193,598,243,680,
410070_D4.png,177,670,251,709,
410071_Q1.png,193,699,247,787,
410072_X1.png,191,782,241,812,
410073_M17.png,205,814,233,918,
410074_UNKNOWN.png,177,913,251,973,
410075_M17.png,221,966,249,1064,
410076_M17.png,191,968,219,1066,
410077_G43.png,182,1056,239,1148,
410078_G43.png,189,1145,251,1239,
410079_UNKNOWN.png,222,1234,251,1256,
410080_R8.png,233,1258,251,1335,
410081_R8.png,211,1261,230,1334,
410082_M16.png,214,1330,251,1434,
410083_UNKNOWN.png,200,1349,226,1414,
410084_UNKNOWN.png,211,1431,251,1505,
410085_UNKNOWN.png,213,1507,251,1578,
410086_UNKNOWN.png,271,25,293,61,
410087_M17.png,284,115,312,213,
410088_UNKNOWN.png,319,208,342,232,
410089_O50.png,280,201,321,242,
410090_G17.png,266,237,339,325,
410091_S29.png,283,326,315,418,
410092_V31.png,266,415,343,453,
410093_V30.png,266,452,339,491,
410094_O50.png,283,484,324,524,
410095_D21.png,266,516,340,561,
410096_G43.png,267,545,336,642,
410097_X1.png,280,640,330,670,
410098_Q1.png,277,667,335,753,
410099_UNKNOWN.png,278,747,329,847,
410100_Z1.png,326,841,344,874,
410101_Z1.png,309,842,327,875,
410102_Z1.png,290,842,312,875,
410103_Z1.png,273,846,293,876,
410104_M18.png,293,872,335,977,
410105_N35.png,266,978,344,1001,
410106_V31.png,266,996,344,1036,
410107_G39.png,266,1033,343,1114,
410108_UNKNOWN.png,266,1111,344,1262,
410109_UNKNOWN.png,270,1241,297,1267,
410110_V31.png,284,1261,344,1302,
410111_UNKNOWN.png,273,1264,298,1287,
410112_S29.png,288,1364,313,1439,
410113_UNKNOWN.png,316,1455,335,1502,
410114_V28.png,368,27,410,125,
410115_G43.png,358,119,418,213,
410116_N35.png,358,210,431,236,
410117_R8.png,396,236,433,309,
410118_R8.png,372,235,404,314,
410119_UNKNOWN.png,358,238,380,259,
410120_M26.png,363,302,415,394,
410121_G25.png,358,392,433,476,
410122_G25.png,358,471,433,548,
410123_G25.png,358,549,415,624,
410124_S29.png,379,623,412,721,
410125_N35.png,358,715,433,740,
410126_M17.png,401,731,433,829,
410127_S29.png,358,734,393,828,
410128_V13.png,358,821,433,863,
410129_M18.png,380,860,426,959,
410130_D21.png,358,957,433,990,
410131_I9.png,360,985,433,1026,
410132_UNKNOWN.png,358,1024,433,1178,
410133_E34.png,367,1037,431,1083,
410134_N35.png,365,1076,431,1101,
410135_M17.png,401,1089,425,1161,
410136_S29.png,372,1091,400,1162,
410137_Q3.png,383,1175,421,1226,
410138_N35.png,362,1222,420,1249,
410139_UNKNOWN.png,390,1238,433,1304,
410140_UNKNOWN.png,387,1244,408,1266,
410141_UNKNOWN.png,377,1271,401,1304,
410142_M17.png,391,1320,416,1414,
410143_O50.png,382,1410,424,1456,
410144_G17.png,373,1447,433,1536,
410145_S29.png,399,1529,423,1618,
410146_UNKNOWN.png,394,1534,411,1598,
410147_M18.png,459,22,497,118,
410148_V31.png,448,130,513,165,
410149_G39.png,448,165,510,240,
410150_V31.png,448,239,518,281,
410151_M18.png,461,276,500,366,
410152_N35.png,448,362,517,386,
410153_V31.png,448,378,518,421,
410154_UNKNOWN.png,448,416,521,576,
410155_E34.png,448,430,513,478,
410156_N35.png,450,470,514,491,
410157_M17.png,483,484,507,555,
410158_S29.png,456,485,482,557,
410159_Q3.png,462,583,502,637,
410160_N35.png,448,631,521,658,
410161_N37.png,448,650,521,683,
410162_G35.png,448,682,521,765,
410163_S29.png,468,760,504,864,
410164_D54.png,448,865,521,934,
410165_V13.png,448,929,521,968,
410166_N35.png,448,965,521,990,
410167_V28.png,471,987,513,1094,
410168_D21.png,448,1086,521,1123,
410169_X1.png,464,1116,515,1149,
410170_M17.png,470,1145,506,1243,
410171_UNKNOWN.png,484,1233,505,1259,
410172_UNKNOWN.png,455,1235,491,1275,
410173_D58.png,473,1271,521,1343,
410174_UNKNOWN.png,473,1343,517,1382,
410175_G35.png,459,1396,521,1464,
410176_UNKNOWN.png,486,1491,521,1555,
410177_UNKNOWN.png,461,1524,494,1560,
410178_G43.png,531,17,597,116,
410179_D36.png,531,102,606,138,
410180_D58.png,543,134,596,219,
410181_S34.png,536,212,604,308,
410182_G17.png,531,297,602,383,
410183_G25.png,531,373,610,447,
410184_X1.png,543,444,592,474,
410185_UNKNOWN.png,531,450,610,516,
410186_G25.png,531,494,610,572,
410187_N35.png,531,571,610,595,
410188_I9.png,531,585,610,624,
410189_N35.png,531,619,610,643,
410190_S29.png,559,639,588,729,
410191_N35.png,531,723,610,748,
410192_N29.png,556,747,605,794,
410193_D58.png,570,790,610,856,
410194_D58.png,531,791,580,861,
410195_M1.png,557,857,594,937,
410196_N35.png,532,938,610,964,
410197_I9.png,536,963,610,993,
410198_UNKNOWN.png,573,988,610,1010,
410199_UNKNOWN.png,534,990,582,1014,
410200_S29.png,561,1011,603,1108,
410201_UNKNOWN.png,572,1101,610,1126,
410202_UNKNOWN.png,546,1105,578,1126,
410203_G17.png,555,1119,610,1205,
410204_F26.png,542,1207,610,1264,
410205_W24.png,567,1258,603,1303,
410206_D36.png,542,1285,610,1336,
410207_X1.png,542,1366,589,1396,
410208_I9.png,544,1431,610,1456,
410209_UNKNOWN.png,562,1432,603,1447,
410210_UNKNOWN.png,589,1474,610,1524,
410211_UNKNOWN.png,573,1496,601,1526,
410212_UNKNOWN.png,547,1499,581,1533,
410213_F26.png,553,1532,610,1584,
410214_UNKNOWN.png,553,1541,593,1583,
410215_UNKNOWN.png,547,1546,566,1585,
410216_W24.png,585,1580,607,1618,
410217_UNKNOWN.png,614,318,628,381,
410218_UNKNOWN.png,612,713,628,1219,
410219_S29.png,666,9,695,94,
410220_M12.png,626,14,658,100,
410221_O50.png,639,93,678,131,
410222_UNKNOWN.png,626,121,696,149,
410223_V13.png,626,137,696,159,
410224_N35.png,626,153,700,179,
410225_M23.png,656,175,703,259,
410226_G43.png,626,173,679,260,
410227_UNKNOWN.png,626,257,702,415,
410228_M17.png,659,323,683,397,
410229_S29.png,631,326,658,400,
410230_UNKNOWN.png,626,418,707,495,
410231_V7.png,643,482,684,564,
410232_N35.png,626,561,707,588,
410233_D62.png,628,591,703,675,
410234_N14.png,627,666,702,743,
410235_W25.png,626,743,701,833,
410236_N35.png,626,829,708,855,
410237_D46.png,626,854,708,903,
410238_G35.png,626,882,708,973,
410239_X1.png,646,967,696,1001,
410240_N14.png,633,995,699,1058,
410241_UNKNOWN.png,684,1050,708,1077,
410242_UNKNOWN.png,685,1107,701,1144,
410243_UNKNOWN.png,628,1149,708,1196,
410244_G43.png,626,1060,699,1179,
410245_D58.png,667,1196,708,1269,
410246_UNKNOWN.png,644,1194,668,1242,
410247_UNKNOWN.png,632,1199,656,1241,
410248_UNKNOWN.png,644,1233,664,1275,
410249_UNKNOWN.png,626,1229,651,1255,
410250_G17.png,638,1267,708,1355,
410251_UNKNOWN.png,642,1271,668,1306,
410252_G25.png,655,1353,708,1429,
410253_UNKNOWN.png,635,1387,669,1416,
410254_UNKNOWN.png,668,1424,699,1452,
410255_V7.png,659,1469,702,1552,
410256_UNKNOWN.png,657,1511,679,1552,
410257_UNKNOWN.png,675,1545,708,1566,
410258_O50.png,713,37,755,88,
410259_G17.png,711,95,784,182,
410260_S29.png,734,174,766,260,
410261_V31.png,717,255,788,293,
410262_UNKNOWN.png,711,267,729,295,
410263_UNKNOWN.png,747,287,789,321,
410264_S29.png,740,315,768,397,
410265_V31.png,711,388,794,427,
410266_V31.png,719,418,792,452,
410267_D35.png,711,447,795,487,
410268_S29.png,733,476,765,559,
410269_V31.png,711,555,794,594,
410270_D28.png,722,585,783,649,
410271_V31.png,720,641,794,682,
410272_UNKNOWN.png,711,650,731,686,
410273_V13.png,711,675,795,711,
410274_G43.png,724,708,794,821,
410275_I10.png,715,816,795,957,
410276_P8.png,744,915,772,1000,
410277_M17.png,778,994,795,1079,
410278_G43.png,719,994,783,1086,
410279_D54.png,735,1079,792,1127,
410280_O50.png,740,1122,795,1176,
410281_UNKNOWN.png,723,1124,751,1145,
410282_D21.png,727,1172,795,1202,
410283_V13.png,721,1193,795,1230,
410284_UNKNOWN.png,735,1228,790,1307,
410285_UNKNOWN.png,745,1239,781,1265,
410286_G43.png,725,1296,786,1381,
410287_D54.png,751,1373,793,1417,
410288_UNKNOWN.png,742,1376,768,1417,
410289_UNKNOWN.png,760,1412,791,1432,
410290_UNKNOWN.png,736,1412,769,1433,
410291_O50.png,744,1425,786,1469,
410292_D21.png,739,1460,795,1490,
410293_V13.png,745,1479,795,1513,
410294_UNKNOWN.png,729,1488,761,1508,
410295_G17.png,752,1509,788,1575,
410296_UNKNOWN.png,737,1544,795,1612,
410297_UNKNOWN.png,728,1583,748,1614,
410298_UNKNOWN.png,845,29,874,54,
410299_N35.png,797,35,844,60,
410300_Aa27.png,812,49,863,127,
410301_D19.png,820,125,866,177,
410302_V31.png,798,179,878,216,
410303_G17.png,805,206,882,288,
410304_E17.png,797,277,882,354,
410305_UNKNOWN.png,803,337,882,488,
410306_O50.png,804,352,853,399,
410307_UNKNOWN.png,802,479,882,587,
410308_F18.png,804,597,882,633,
410309_F18.png,802,579,882,619,
410310_F18.png,803,620,882,659,
410311_V31.png,810,646,881,693,
410312_M44.png,862,686,882,772,
410313_UNKNOWN.png,801,667,818,709,
410314_UNKNOWN.png,798,693,868,774,
410315_M17.png,851,773,882,868,
410316_O50.png,809,773,854,813,
410317_G17.png,800,803,876,896,
410318_UNKNOWN.png,866,870,882,930,
410319_V31.png,801,889,873,923,
410320_UNKNOWN.png,805,916,882,995,
410321_V28.png,862,985,882,1061,
410322_Q3.png,812,997,858,1056,
410323_G39.png,804,1056,882,1135,
410324_V4.png,811,1126,882,1221,
410325_UNKNOWN.png,835,1171,866,1196,
410326_G14.png,821,1207,882,1274,
410327_I9.png,822,1271,882,1296,
410328_UNKNOWN.png,810,1263,829,1292,
410329_UNKNOWN.png,814,1282,882,1336,
410330_UNKNOWN.png,858,1354,882,1397,
410331_O1.png,826,1324,882,1398,
410332_UNKNOWN.png,829,1334,856,1356,
410333_UNKNOWN.png,812,1339,833,1365,
410334_UNKNOWN.png,815,1391,882,1474,
410335_UNKNOWN.png,864,1476,882,1503,
410336_UNKNOWN.png,832,1471,864,1509,
410337_UNKNOWN.png,813,1505,844,1526,
410338_V6.png,825,1518,882,1564,
410339_UNKNOWN.png,824,1562,854,1585,
410340_O50.png,937,15,969,58,
410341_UNKNOWN.png,908,7,926,60,
410342_L1.png,902,55,963,138,
410343_UNKNOWN.png,902,56,932,95,
410344_UNKNOWN.png,902,111,923,143,
410345_UNKNOWN.png,933,142,972,165,
410346_UNKNOWN.png,902,136,940,168,
410347_UNKNOWN.png,902,161,972,280,
410348_UNKNOWN.png,942,219,969,241,
410349_U15.png,902,267,977,306,
410350_R8.png,911,296,959,400,
410351_V30.png,902,396,977,433,
410352_D1.png,902,427,963,476,
410353_V31.png,903,468,977,515,
410354_G17.png,903,503,977,594,
410355_G5.png,902,581,977,673,
410356_D46.png,902,666,977,698,
410357_G35.png,902,691,977,780,
410358_X1.png,947,777,977,804,
410359_M17.png,952,809,977,897,
410360_UNKNOWN.png,921,792,955,834,
410361_N14.png,915,772,953,829,
410362_O50.png,904,833,950,879,
410363_G17.png,902,889,977,976,
410364_S29.png,926,966,958,1047,
410365_V31.png,902,1044,977,1083,
410366_G17.png,911,1073,977,1150,
410367_W18.png,919,1143,977,1215,
410368_UNKNOWN.png,903,1160,927,1217,
410369_X1.png,928,1209,972,1236,
410370_G17.png,912,1261,977,1343,
410371_W18.png,918,1339,977,1417,
410372_UNKNOWN.png,908,1363,943,1426,
410373_UNKNOWN.png,951,1419,977,1443,
410374_UNKNOWN.png,922,1420,950,1442,
410375_X1.png,928,1431,976,1471,
410376_G5.png,918,1467,977,1537,
410377_O50.png,917,1560,959,1604,
410378_UNKNOWN.png,1021,7,1051,83,
410379_UNKNOWN.png,994,57,1020,87,
410380_F4.png,997,87,1069,151,
410381_X1.png,1003,142,1055,177,
410382_F34.png,994,171,1065,232,
410383_V31.png,994,228,1065,269,
410384_Q1.png,1000,265,1059,342,
410385_D4.png,1006,341,1070,370,
410386_UNKNOWN.png,994,344,1031,368,
410387_D35.png,994,368,1056,408,
410388_S29.png,1041,402,1071,499,
410389_UNKNOWN.png,994,407,1025,502,
410390_W22.png,1040,521,1072,561,
410391_G17.png,994,493,1069,579,
410392_N35.png,994,570,1071,595,
410393_V31.png,994,591,1071,628,
410394_M17.png,1049,618,1072,707,
410395_UNKNOWN.png,994,629,1058,712,
410396_UNKNOWN.png,1024,741,1064,775,
410397_UNKNOWN.png,1008,746,1037,776,
410398_S29.png,1040,773,1070,868,
410399_UNKNOWN.png,999,777,1031,870,
410400_O50.png,1014,861,1058,903,
410401_G17.png,995,894,1072,977,
410402_N35.png,994,968,1071,994,
410403_G39.png,994,987,1072,1071,
410404_V31.png,1006,1067,1072,1100,
410405_G17.png,994,1094,1072,1176,
410406_I9.png,994,1172,1072,1201,
410407_G5.png,997,1190,1072,1275,
410408_UNKNOWN.png,1033,1261,1060,1294,
410409_D35.png,995,1267,1044,1300,
410410_S29.png,1052,1287,1072,1373,
410411_UNKNOWN.png,1048,1297,1066,1359,
410412_UNKNOWN.png,1012,1292,1038,1379,
410413_O50.png,1046,1392,1072,1424,
410414_G17.png,1002,1369,1060,1443,
410415_V31.png,1005,1456,1072,1494,
410416_G17.png,998,1494,1067,1579,
410417_UNKNOWN.png,1072,1497,1085,1548,
