050000_UNKNOWN.png,83,27,109,48,
050001_N35.png,21,29,84,51,
050002_E34.png,38,62,90,100,
050003_N35.png,36,95,94,115,
050004_M17.png,70,109,91,172,
050005_S29.png,42,109,63,173,
050006_S29.png,94,192,109,270,
050007_UNKNOWN.png,81,193,99,252,
050008_V4.png,25,192,88,272,
050009_G35.png,23,268,103,360,
050010_N31.png,25,350,112,389,
050011_E34.png,36,409,95,446,
050012_N35.png,34,441,96,464,
050013_M17.png,72,459,94,523,
050014_S29.png,42,459,65,521,
050015_V13.png,24,536,109,575,
050016_G43.png,27,571,91,665,
050017_X1.png,38,664,82,693,
050018_UNKNOWN.png,20,688,107,815,
050019_U33.png,69,806,99,890,
050020_M17.png,24,807,59,890,
050021_D60.png,36,888,95,965,
050022_UNKNOWN.png,37,908,88,980,
050023_O1.png,27,980,99,1030,
050024_D21.png,16,1022,104,1055,
050025_M17.png,46,1047,78,1139,
050026_G17.png,19,1129,96,1224,
050027_V31.png,21,1214,108,1255,
050028_UNKNOWN.png,14,1226,36,1258,
050029_D58.png,54,1264,101,1346,
050030_M17.png,15,1252,46,1353,
050031_V31.png,14,1346,103,1397,
050032_X1.png,31,1386,83,1417,
050033_G5.png,20,1411,98,1498,
050034_O49.png,45,1489,87,1542,
050035_UNKNOWN.png,32,1494,58,1535,
050036_G35.png,123,61,198,148,
050037_D58.png,146,144,190,215,
050038_UNKNOWN.png,132,212,192,296,
050039_M1.png,147,300,178,386,
050040_G43.png,132,380,192,469,
050041_D36.png,121,466,205,502,
050042_D60.png,131,500,200,574,
050043_UNKNOWN.png,139,524,184,590,
050044_M17.png,172,595,198,671,
050045_Z11.png,116,593,168,670,
050046_M17.png,144,672,172,755,
050047_P8.png,186,773,207,862,
050048_I10.png,113,771,192,861,
050049_V13.png,116,846,196,881,
050050_O34.png,119,872,198,897,
050051_S24.png,115,893,196,923,
050052_U1.png,123,913,196,986,
050053_G35.png,116,981,197,1071,
050054_N29.png,163,1061,201,1111,
050055_X1.png,114,1079,162,1113,
050056_P6.png,140,1106,179,1206,
050057_M17.png,174,1191,203,1282,
050058_N35.png,113,1223,184,1248,
050059_N5.png,129,1270,184,1325,
050060_O50.png,131,1320,177,1366,
050061_I9.png,113,1352,200,1395,
050062_X1.png,127,1386,180,1423,
050063_Q1.png,140,1415,186,1485,
050064_D4.png,143,1479,190,1516,
050065_V13.png,116,1506,192,1541,
050066_O34.png,113,1540,196,1566,
050067_S24.png,118,1561,194,1590,
050068_UNKNOWN.png,234,11,277,27,
050069_O50.png,237,27,274,62,
050070_I9.png,222,55,298,82,
050071_X1.png,234,75,279,104,
050072_M17.png,267,97,293,177,
050073_X1.png,213,123,260,152,
050074_I9.png,213,167,299,206,
050075_Q1.png,239,203,289,272,
050076_D4.png,214,271,295,307,
050077_G17.png,220,302,291,387,
050078_UNKNOWN.png,221,379,293,438,
050079_G17.png,221,432,292,510,
050080_I9.png,213,503,297,541,
050081_N35.png,211,532,298,559,
050082_G25.png,213,553,299,625,
050083_Z1.png,244,618,267,655,
050084_I9.png,228,644,296,679,
050085_T21.png,211,671,296,709,
050086_S29.png,237,701,271,814,
050087_G17.png,209,810,294,909,
050088_Q3.png,234,898,273,950,
050089_UNKNOWN.png,248,946,291,968,
050090_UNKNOWN.png,208,946,244,970,
050091_W11.png,241,983,290,1030,
050092_S29.png,213,962,245,1049,
050093_UNKNOWN.png,211,1043,290,1075,
050094_T21.png,212,1088,292,1112,
050095_Z1.png,243,1105,270,1142,
050096_S29.png,234,1136,274,1228,
050097_G17.png,212,1218,294,1327,
050098_UNKNOWN.png,208,1220,249,1247,
050099_Q3.png,231,1316,274,1370,
050100_UNKNOWN.png,272,1361,296,1387,
050101_UNKNOWN.png,208,1365,254,1388,
050102_W11.png,245,1402,290,1449,
050103_S29.png,213,1387,240,1471,
050104_UNKNOWN.png,216,1471,289,1498,
050105_M17.png,264,1496,296,1579,
050106_G43.png,210,1492,272,1579,
050107_UNKNOWN.png,303,25,393,99,
050108_V13.png,311,93,388,128,
050109_G43.png,322,122,384,207,
050110_X1.png,326,202,374,235,
050111_M17.png,358,225,389,308,
050112_S29.png,313,231,344,311,
050113_R8.png,360,313,394,387,
050114_G7.png,304,307,371,396,
050115_G43.png,315,380,388,471,
050116_D36.png,308,458,390,494,
050117_UNKNOWN.png,320,486,380,545,
050118_D60.png,324,506,379,571,
050119_Q1.png,344,567,389,640,
050120_Q1.png,307,570,351,640,
050121_Q1.png,343,638,389,706,
050122_X1.png,303,662,348,694,
050123_O1.png,310,697,382,746,
050124_D21.png,309,739,383,770,
050125_G17.png,311,762,381,839,
050126_G43.png,319,833,376,915,
050127_D36.png,307,900,386,937,
050128_D60.png,323,930,380,994,
050129_UNKNOWN.png,323,948,371,1015,
050130_X1.png,323,1012,370,1045,
050131_D36.png,304,1035,389,1073,
050132_UNKNOWN.png,331,1066,371,1151,
050133_UNKNOWN.png,327,1158,368,1186,
050134_E34.png,320,1173,374,1202,
050135_UNKNOWN.png,348,1194,376,1212,
050136_N35.png,319,1194,357,1213,
050137_M17.png,344,1208,367,1281,
050138_S29.png,319,1208,344,1280,
050139_M17.png,355,1289,383,1371,
050140_N35.png,301,1321,363,1342,
050141_G5.png,311,1364,390,1450,
050142_N41.png,336,1459,376,1516,
050143_S29.png,307,1445,336,1525,
050144_UNKNOWN.png,350,1574,375,1596,
050145_G25.png,399,24,484,83,
050146_Z1.png,433,89,451,125,
050147_M17.png,431,121,457,200,
050148_D21.png,400,196,479,227,
050149_Q3.png,439,219,481,267,
050150_X1.png,394,233,443,261,
050151_N1.png,394,256,483,291,
050152_N37.png,402,286,480,319,
050153_G1.png,397,315,476,398,
050154_X1.png,420,389,466,421,
050155_M17.png,428,416,458,505,
050156_D21.png,401,498,478,531,
050157_UNKNOWN.png,399,520,478,546,
050158_UNKNOWN.png,396,541,478,578,
050159_Q3.png,442,575,480,626,
050160_X1.png,396,588,441,616,
050161_D21.png,403,621,475,648,
050162_G17.png,407,642,476,716,
050163_V13.png,403,711,478,744,
050164_UNKNOWN.png,392,740,483,782,
050165_S29.png,445,770,476,849,
050166_T20.png,406,766,431,846,
050167_UNKNOWN.png,407,839,474,881,
050168_S29.png,422,879,454,953,
050169_N35.png,397,951,480,974,
050170_M12.png,438,967,474,1046,
050171_S29.png,397,965,431,1047,
050172_G17.png,400,1045,475,1131,
050173_X1.png,433,1142,477,1171,
050174_UNKNOWN.png,396,1127,431,1180,
050175_M12.png,433,1171,472,1259,
050176_S29.png,397,1175,425,1261,
050177_G17.png,394,1252,474,1342,
050178_V28.png,443,1332,478,1419,
050179_N29.png,395,1338,440,1387,
050180_X1.png,395,1379,441,1417,
050181_W22.png,418,1412,451,1467,
050182_D2.png,411,1464,461,1529,
050183_G43.png,406,1521,465,1599,
050184_N37.png,497,26,570,55,
050185_UNKNOWN.png,536,71,572,111,
050186_V4.png,505,50,554,117,
050187_G35.png,489,108,557,195,
050188_M17.png,521,184,552,265,
050189_G43.png,503,258,565,349,
050190_D36.png,491,333,575,376,
050191_UNKNOWN.png,494,365,576,406,
050192_G43.png,502,400,565,487,
050193_D35.png,487,486,579,527,
050194_M42.png,502,516,570,590,
050195_N35.png,491,584,575,608,
050196_X1.png,507,605,552,632,
050197_O50.png,510,632,558,671,
050198_D21.png,492,672,568,705,
050199_I9.png,499,693,571,727,
050200_O34.png,488,722,572,748,
050201_N35.png,493,736,568,766,
050202_Y3.png,495,762,555,838,
050203_Y2.png,490,829,568,862,
050204_O34.png,490,854,571,881,
050205_N37.png,485,873,567,904,
050206_Y3.png,512,900,561,977,
050207_UNKNOWN.png,496,903,522,975,
050208_Y2.png,489,968,570,1000,
050209_E34.png,501,1011,557,1049,
050210_UNKNOWN.png,531,1041,562,1064,
050211_N35.png,497,1043,540,1062,
050212_M17.png,529,1058,554,1131,
050213_S29.png,501,1058,527,1130,
050214_I10.png,483,1220,568,1313,
050215_D58.png,508,1256,563,1329,
050216_D36.png,483,1314,571,1356,
050217_M195.png,512,1348,538,1428,
050218_G36.png,483,1411,566,1484,
050219_UNKNOWN.png,483,1477,573,1542,
050220_O34.png,483,1532,570,1559,
050221_N37.png,485,1555,565,1581,
050222_UNKNOWN.png,576,11,620,28,
050223_I10.png,580,27,649,101,
050224_F35.png,609,65,640,142,
050225_G43.png,591,181,650,266,
050226_G35.png,577,259,657,353,
050227_U1.png,593,331,662,399,
050228_D4.png,588,386,667,417,
050229_G35.png,583,411,659,496,
050230_G43.png,585,484,651,571,
050231_R4.png,582,567,664,620,
050232_X1.png,619,624,662,653,
050233_Q3.png,584,621,619,667,
050234_G43.png,587,653,650,739,
050235_G1.png,579,733,656,817,
050236_Q3.png,623,808,660,856,
050237_X1.png,581,821,625,852,
050238_UNKNOWN.png,619,856,667,885,
050239_UNKNOWN.png,577,859,626,886,
050240_M17.png,639,883,666,963,
050241_N35.png,577,884,647,906,
050242_S29.png,596,895,627,972,
050243_N35.png,577,961,666,985,
050244_M17.png,638,977,663,1038,
050245_N35.png,577,992,646,1017,
050246_R8.png,629,1032,664,1109,
050247_R8.png,606,1033,633,1108,
050248_R8.png,582,1033,613,1110,
050249_O1.png,579,1106,660,1154,
050250_D21.png,583,1142,659,1176,
050251_X1.png,598,1170,645,1201,
050252_D21.png,583,1196,659,1229,
050253_UNKNOWN.png,577,1221,661,1334,
050254_G7.png,579,1330,661,1441,
050255_Q3.png,602,1433,647,1487,
050256_UNKNOWN.png,578,1481,625,1504,
050257_M17.png,605,1496,634,1579,
050258_D21.png,583,1573,653,1600,
050259_UNKNOWN.png,669,780,762,921,
050260_I9.png,669,909,756,942,
050261_N35.png,669,1435,736,1458,
050262_I9.png,669,1473,736,1509,
050263_R8.png,669,1520,702,1598,
050264_UNKNOWN.png,720,19,750,40,
050265_UNKNOWN.png,676,26,761,88,
050266_UNKNOWN.png,709,66,738,88,
050267_I9.png,681,83,761,117,
050268_D1.png,691,116,741,161,
050269_Z1.png,707,156,726,193,
050270_I9.png,684,176,762,214,
050271_N37.png,683,209,754,240,
050272_D36.png,675,233,760,267,
050273_Y1.png,683,262,756,292,
050274_X1.png,695,289,742,316,
050275_I9.png,675,305,762,341,
050276_D21.png,679,336,756,364,
050277_UNKNOWN.png,679,356,756,385,
050278_UNKNOWN.png,676,380,757,408,
050279_I9.png,673,400,758,438,
050280_V28.png,724,427,761,508,
050281_D28.png,672,442,726,500,
050282_D28.png,710,504,762,557,
050283_D28.png,670,504,719,558,
050284_I9.png,670,549,760,586,
050285_D1.png,689,582,741,659,
050286_D21.png,678,655,753,685,
050287_D46.png,670,674,755,707,
050288_D56.png,706,700,756,764,
050289_D56.png,672,700,726,764,
050290_I9.png,670,757,758,790,
050291_UNKNOWN.png,750,981,762,1043,
050292_G39.png,674,935,750,1013,
050293_D58.png,692,999,741,1064,
050294_W19.png,712,1060,752,1150,
050295_Aa28.png,672,1064,701,1150,
050296_UNKNOWN.png,672,1145,753,1207,
050297_D4.png,671,1199,756,1236,
050298_M17.png,719,1231,747,1318,
050299_M17.png,683,1231,710,1319,
050300_N35.png,682,1313,755,1335,
050301_UNKNOWN.png,713,1327,754,1360,
050302_UNKNOWN.png,678,1340,732,1363,
050303_M17.png,736,1353,759,1432,
050304_G17.png,674,1357,743,1434,
050305_M18.png,731,1428,760,1505,
050306_R8.png,719,1521,756,1599,
050307_R8.png,690,1521,729,1596,
050308_UNKNOWN.png,773,0,825,25,
050309_UNKNOWN.png,766,19,854,98,
050310_M17.png,796,95,824,177,
050311_D21.png,773,177,851,203,
050312_G43.png,776,197,844,285,
050313_Q3.png,814,279,851,329,
050314_X1.png,767,297,815,328,
050315_N1.png,767,326,853,356,
050316_UNKNOWN.png,767,351,856,430,
050317_M17.png,799,424,827,506,
050318_D21.png,772,501,851,532,
050319_G43.png,780,523,840,613,
050320_N17.png,772,607,848,628,
050321_M17.png,796,623,825,704,
050322_D4.png,770,697,848,725,
050323_S29.png,792,720,822,797,
050324_UNKNOWN.png,826,801,850,829,
050325_N35.png,763,802,834,830,
050326_G43.png,772,828,844,929,
050327_V13.png,763,929,845,966,
050328_O34.png,788,960,844,980,
050329_UNKNOWN.png,765,963,797,978,
050330_UNKNOWN.png,774,1084,808,1107,
050331_N35.png,771,1101,837,1122,
050332_M17.png,805,1115,830,1179,
050333_S29.png,777,1115,803,1190,
050334_D2.png,790,1207,834,1267,
050335_UNKNOWN.png,815,1268,850,1292,
050336_D36.png,763,1249,821,1290,
050337_S29.png,787,1285,816,1365,
050338_UNKNOWN.png,813,1361,848,1382,
050339_N35.png,774,1361,822,1381,
050340_O1.png,767,1376,842,1421,
050341_D21.png,765,1413,844,1441,
050342_V31.png,765,1432,844,1466,
050343_V31.png,778,1477,842,1508,
050344_E34.png,795,1511,832,1550,
050345_UNKNOWN.png,774,1534,811,1550,
050346_N35.png,790,1546,833,1567,
050347_G17.png,864,19,943,106,
050348_D21.png,865,106,947,137,
050349_N35.png,859,131,949,154,
050350_S29.png,887,146,918,232,
050351_Q3.png,885,233,924,280,
050352_G43.png,868,279,938,377,
050353_N35.png,860,373,945,398,
050354_U1.png,870,389,942,457,
050355_G35.png,870,451,945,532,
050356_N29.png,898,525,945,563,
050357_X1.png,861,530,904,558,
050358_P6.png,887,558,926,643,
050359_D21.png,865,640,946,671,
050360_X8.png,880,667,929,749,
050361_Q3.png,903,748,949,801,
050362_X1.png,857,760,905,792,
050363_N1.png,861,793,943,825,
050364_N35.png,857,823,944,849,
050365_E34.png,866,859,933,897,
050366_N35.png,868,892,933,912,
050367_M17.png,903,908,928,979,
050368_S29.png,876,911,900,981,
050369_D21.png,865,989,937,1016,
050370_X8.png,878,1011,926,1094,
050371_N35.png,856,1089,949,1112,
050372_I9.png,865,1104,945,1139,
050373_N17.png,874,1137,940,1157,
050374_M17.png,890,1151,917,1239,
050375_N35.png,857,1237,942,1260,
050376_X1.png,874,1258,924,1289,
050377_UNKNOWN.png,910,1286,944,1327,
050378_U15.png,858,1292,919,1320,
050379_UNKNOWN.png,883,1321,947,1409,
050380_UNKNOWN.png,870,1345,899,1380,
050381_UNKNOWN.png,858,1378,891,1411,
050382_UNKNOWN.png,875,1408,918,1429,
050383_D46.png,858,1413,942,1440,
050384_G43.png,866,1436,933,1525,
050385_UNKNOWN.png,895,1532,928,1581,
050386_UNKNOWN.png,889,1520,922,1551,
050387_G35.png,950,19,1025,98,
050388_X1.png,978,93,1026,122,
050389_G35.png,957,119,1017,206,
050390_X1.png,977,201,1029,231,
050391_G5.png,951,234,1041,328,
050392_M17.png,1023,318,1044,378,
050393_UNKNOWN.png,1024,367,1044,402,
050394_G35.png,952,318,1028,403,
050395_X1.png,980,400,1026,426,
050396_E9.png,953,428,1035,478,
050397_UNKNOWN.png,949,418,968,460,
050398_S29.png,1010,475,1038,559,
050399_O50.png,961,477,1001,516,
050400_X1.png,963,534,1008,557,
050401_M17.png,1006,558,1038,642,
050402_UNKNOWN.png,959,560,1014,643,
050403_UNKNOWN.png,959,640,1038,728,
050404_UNKNOWN.png,960,722,1036,808,
050405_M17.png,1018,809,1044,895,
050406_UNKNOWN.png,978,874,1025,895,
050407_G35.png,956,808,1024,901,
050408_E23.png,949,899,1044,942,
050409_UNKNOWN.png,971,941,1026,1015,
050410_UNKNOWN.png,969,943,986,1004,
050411_D46.png,952,1011,1043,1044,
050412_UNKNOWN.png,1000,1045,1034,1117,
050413_UNKNOWN.png,978,1062,1014,1095,
050414_V4.png,959,1043,1007,1122,
050415_UNKNOWN.png,949,1055,967,1099,
050416_N14.png,978,1099,1044,1178,
050417_UNKNOWN.png,966,1132,999,1154,
050418_S29.png,981,1173,1013,1268,
050419_N35.png,950,1261,1042,1287,
050420_V13.png,951,1279,1036,1317,
050421_G43.png,959,1309,1028,1397,
050422_G17.png,988,1391,1033,1471,
050423_UNKNOWN.png,962,1442,997,1474,
050424_D21.png,955,1465,1034,1497,
050425_UNKNOWN.png,1006,1488,1040,1510,
050426_UNKNOWN.png,951,1489,992,1510,
050427_UNKNOWN.png,1005,1505,1035,1540,
050428_UNKNOWN.png,949,1513,971,1550,
050429_UNKNOWN.png,1091,32,1109,85,
050430_M17.png,1083,19,1105,112,
050431_UNKNOWN.png,1100,111,1139,132,
050432_UNKNOWN.png,1052,113,1091,137,
050433_UNKNOWN.png,1121,126,1141,210,
050434_S29.png,1111,130,1131,194,
050435_U1.png,1046,129,1100,193,
050436_UNKNOWN.png,1090,197,1127,220,
050437_UNKNOWN.png,1048,208,1092,235,
050438_E1.png,1046,214,1136,294,
050439_N35.png,1049,288,1140,317,
050440_I9.png,1051,303,1142,340,
050441_V13.png,1052,334,1141,375,
050442_G43.png,1062,369,1130,465,
050443_I10.png,1048,458,1139,543,
050444_N35.png,1051,535,1139,561,
050445_F34.png,1066,552,1128,610,
050446_G17.png,1056,640,1133,730,
050447_X1.png,1072,730,1124,759,
050448_V31.png,1047,755,1137,797,
050449_N35.png,1048,798,1137,827,
050450_I9.png,1051,818,1141,851,
050451_G17.png,1053,851,1137,947,
050452_V31.png,1047,947,1138,988,
050453_M17.png,1077,989,1116,1087,
050454_D21.png,1054,1091,1135,1123,
050455_V31.png,1046,1121,1134,1160,
050456_G43.png,1056,1172,1135,1278,
050457_V13.png,1049,1154,1134,1192,
050458_O50.png,1075,1272,1119,1313,
050459_Q3.png,1071,1306,1115,1356,
050460_D21.png,1051,1352,1128,1381,
050461_L1.png,1063,1375,1123,1482,
050462_UNKNOWN.png,1061,1376,1081,1409,
050463_D21.png,1048,1476,1131,1509,
050464_UNKNOWN.png,1097,1505,1130,1540,
050465_D21.png,1060,1539,1134,1571,
