070000_G1.png,13,108,65,195,
070001_X1.png,37,191,83,218,
070002_G5.png,13,224,82,316,
070003_M17.png,78,309,99,392,
070004_G1.png,14,309,74,392,
070005_X1.png,40,391,81,415,
070006_S29.png,67,466,91,549,
070007_O50.png,22,470,57,505,
070008_X1.png,18,527,65,548,
070009_UNKNOWN.png,64,549,91,631,
070010_UNKNOWN.png,40,551,65,630,
070011_UNKNOWN.png,20,552,41,631,
070012_UNKNOWN.png,60,633,81,716,
070013_UNKNOWN.png,36,634,63,714,
070014_UNKNOWN.png,17,634,41,717,
070015_M20.png,33,713,87,796,
070016_UNKNOWN.png,18,716,41,796,
070017_M17.png,72,800,95,885,
070018_G1.png,9,800,77,892,
070019_UNKNOWN.png,8,902,37,931,
070020_UNKNOWN.png,26,932,78,1005,
070021_UNKNOWN.png,33,933,49,995,
070022_UNKNOWN.png,11,1013,71,1034,
070023_UNKNOWN.png,38,1037,71,1075,
070024_UNKNOWN.png,19,1034,48,1112,
070025_UNKNOWN.png,0,1010,13,1065,
070026_UNKNOWN.png,71,1105,93,1132,
070027_UNKNOWN.png,56,1123,89,1142,
070028_UNKNOWN.png,24,1124,57,1167,
070029_UNKNOWN.png,49,1166,69,1258,
070030_UNKNOWN.png,42,1163,60,1241,
070031_N35.png,14,1254,95,1277,
070032_V13.png,14,1271,91,1306,
070033_G43.png,22,1301,79,1387,
070034_UNKNOWN.png,52,1437,88,1460,
070035_UNKNOWN.png,42,1425,74,1454,
070036_G17.png,18,1383,71,1465,
070037_D21.png,18,1461,86,1486,
070038_UNKNOWN.png,14,1481,57,1502,
070039_UNKNOWN.png,10,1499,55,1540,
070040_UNKNOWN.png,1,1498,15,1545,
070041_UNKNOWN.png,62,1558,82,1601,
070042_G43.png,16,1526,75,1597,
070043_UNKNOWN.png,46,1574,67,1615,
070044_UNKNOWN.png,57,1610,87,1630,
070045_S29.png,164,122,184,201,
070046_UNKNOWN.png,157,118,175,184,
070047_UNKNOWN.png,98,120,133,176,
070048_E1.png,99,206,177,284,
070049_N35.png,102,279,185,307,
070050_I9.png,104,294,185,331,
070051_V13.png,106,326,186,365,
070052_G43.png,116,361,177,456,
070053_UNKNOWN.png,111,452,175,499,
070054_D46.png,108,503,186,532,
070055_UNKNOWN.png,99,471,130,537,
070056_N35.png,100,529,183,553,
070057_F34.png,118,545,176,601,
070058_I9.png,101,597,179,634,
070059_G17.png,107,631,178,719,
070060_X1.png,120,721,170,750,
070061_V31.png,100,746,179,788,
070062_UNKNOWN.png,134,789,172,812,
070063_UNKNOWN.png,98,788,145,813,
070064_I9.png,98,807,185,841,
070065_G17.png,104,840,181,935,
070066_V31.png,98,937,181,977,
070067_M17.png,132,980,160,1075,
070068_V13.png,101,1145,180,1182,
070069_UNKNOWN.png,110,1148,177,1163,
070070_G43.png,110,1174,173,1268,
070071_O50.png,126,1262,163,1302,
070072_Q3.png,125,1296,163,1344,
070073_L1.png,114,1366,159,1446,
070074_X1.png,120,1437,167,1469,
070075_V31.png,102,1494,163,1531,
070076_M17.png,222,15,250,108,
070077_Y5.png,193,109,266,148,
070078_UNKNOWN.png,241,145,275,167,
070079_UNKNOWN.png,212,146,247,167,
070080_UNKNOWN.png,190,147,221,168,
070081_M17.png,222,163,251,258,
070082_Y5.png,196,258,267,297,
070083_N35.png,190,296,273,324,
070084_M17.png,252,324,276,410,
070085_Y5.png,189,326,255,363,
070086_N35.png,189,379,259,406,
070087_W24.png,220,403,255,442,
070088_G43.png,200,444,263,542,
070089_E1.png,186,537,274,618,
070090_UNKNOWN.png,232,653,269,675,
070091_M42.png,196,621,244,705,
070092_N35.png,187,705,273,731,
070093_V31.png,188,725,269,765,
070094_E34.png,200,789,261,832,
070095_UNKNOWN.png,199,826,263,913,
070096_M17.png,229,840,252,902,
070097_Y5.png,193,922,270,967,
070098_UNKNOWN.png,227,970,266,995,
070099_N35.png,186,971,234,998,
070100_X1.png,208,1003,257,1035,
070101_U33.png,237,1042,261,1130,
070102_M17.png,194,1038,219,1133,
070103_UNKNOWN.png,247,1155,268,1200,
070104_UNKNOWN.png,233,1142,256,1202,
070105_W18.png,197,1137,246,1202,
070106_N35.png,190,1207,267,1235,
070107_U33.png,240,1232,268,1332,
070108_M17.png,204,1233,236,1335,
070109_S29.png,218,1333,249,1419,
070110_N35.png,190,1416,275,1446,
070111_W18.png,195,1447,275,1521,
070112_N35.png,193,1522,271,1547,
070113_U33.png,242,1545,268,1626,
070114_M17.png,201,1544,223,1631,
070115_UNKNOWN.png,284,0,327,21,
070116_UNKNOWN.png,340,18,359,97,
070117_UNKNOWN.png,295,33,335,52,
070118_UNKNOWN.png,274,34,308,99,
070119_O28.png,334,95,359,180,
070120_W24.png,286,100,322,139,
070121_O49.png,281,145,311,185,
070122_G17.png,283,184,350,275,
070123_UNKNOWN.png,299,289,335,311,
070124_UNKNOWN.png,291,309,348,334,
070125_UNKNOWN.png,290,329,323,350,
070126_M17.png,322,342,346,418,
070127_S29.png,294,341,321,419,
070128_R8.png,335,434,367,522,
070129_G7.png,276,432,334,550,
070130_O28.png,331,532,356,614,
070131_W24.png,291,545,321,580,
070132_UNKNOWN.png,292,578,331,609,
070133_O49.png,288,590,327,619,
070134_V31.png,278,615,357,649,
070135_G17.png,286,648,359,736,
070136_E34.png,290,747,353,791,
070137_N35.png,290,784,353,807,
070138_M17.png,319,798,343,871,
070139_S29.png,296,796,323,872,
070140_G7.png,274,880,366,987,
070141_O28.png,330,974,365,1069,
070142_W24.png,284,981,321,1024,
070143_O49.png,275,1024,334,1074,
070144_G17.png,285,1067,361,1164,
070145_E34.png,287,1177,353,1230,
070146_N35.png,290,1226,356,1249,
070147_M17.png,323,1240,351,1318,
070148_S29.png,298,1244,323,1318,
070149_N5.png,298,1326,345,1374,
070150_O28.png,320,1366,361,1451,
070151_W24.png,282,1369,317,1409,
070152_O49.png,282,1409,327,1454,
070153_UNKNOWN.png,286,1455,327,1488,
070154_UNKNOWN.png,321,1526,357,1552,
070155_G17.png,284,1481,349,1557,
070156_N35.png,290,1605,351,1627,
070157_UNKNOWN.png,282,1554,311,1617,
070158_X1.png,386,10,433,35,
070159_E34.png,378,86,444,129,
070160_M17.png,414,140,437,208,
070161_S29.png,392,142,411,207,
070162_UNKNOWN.png,386,136,403,195,
070163_O28.png,424,222,453,309,
070164_W24.png,376,225,413,267,
070165_O49.png,374,271,421,312,
070166_UNKNOWN.png,416,318,453,453,
070167_UNKNOWN.png,367,315,451,466,
070168_UNKNOWN.png,388,332,433,352,
070169_UNKNOWN.png,377,341,445,368,
070170_N35.png,376,359,443,383,
070171_M17.png,413,375,439,453,
070172_UNKNOWN.png,386,376,402,438,
070173_UNKNOWN.png,414,464,455,499,
070174_S29.png,385,498,429,581,
070175_UNKNOWN.png,379,488,417,513,
070176_UNKNOWN.png,369,484,397,558,
070177_UNKNOWN.png,370,585,441,612,
070178_O28.png,426,603,452,686,
070179_W24.png,375,602,409,642,
070180_O49.png,372,646,419,689,
070181_F31.png,382,686,445,769,
070182_M17.png,414,760,447,852,
070183_M17.png,378,763,413,853,
070184_G17.png,370,847,448,946,
070185_O28.png,418,946,453,1044,
070186_W24.png,370,946,411,995,
070187_O49.png,368,995,419,1044,
070188_UNKNOWN.png,368,1037,431,1134,
070189_V31.png,368,1128,451,1171,
070190_UNKNOWN.png,388,1165,437,1266,
070191_D1.png,386,1262,434,1309,
070192_UNKNOWN.png,392,1307,455,1384,
070193_R8.png,370,1307,401,1383,
070194_UNKNOWN.png,372,1377,453,1450,
070195_R8.png,420,1445,455,1515,
070196_UNKNOWN.png,372,1445,428,1523,
070197_R8.png,420,1515,451,1589,
070198_R8.png,396,1516,427,1589,
070199_R8.png,371,1516,405,1591,
070200_F35.png,490,16,520,99,
070201_UNKNOWN.png,456,110,526,134,
070202_D21.png,461,130,541,162,
070203_X1.png,480,160,530,191,
070204_U15.png,459,186,547,231,
070205_G17.png,460,222,537,313,
070206_D35.png,462,307,549,349,
070207_X1.png,514,385,553,410,
070208_G43.png,468,337,529,431,
070209_T22.png,525,427,549,510,
070210_N17.png,464,433,517,454,
070211_N17.png,462,452,517,472,
070212_W24.png,474,470,506,506,
070213_G43.png,470,506,535,600,
070214_I9.png,460,598,550,640,
070215_M17.png,526,632,553,727,
070216_G43.png,466,631,527,731,
070217_D36.png,462,717,553,756,
070218_UNKNOWN.png,522,752,545,776,
070219_UNKNOWN.png,461,762,549,799,
070220_X1.png,480,796,533,827,
070221_I9.png,456,819,553,862,
070222_G39.png,458,853,547,938,
070223_UNKNOWN.png,460,938,541,1157,
070224_UNKNOWN.png,521,1013,540,1090,
070225_G43.png,466,1156,531,1247,
070226_D46.png,460,1241,547,1274,
070227_X1.png,484,1268,527,1296,
070228_I9.png,456,1284,545,1324,
070229_D36.png,462,1323,548,1357,
070230_Z1.png,492,1349,509,1384,
070231_G17.png,459,1398,537,1534,
070232_D21.png,468,1520,540,1551,
070233_D2.png,504,1550,539,1604,
070234_N35.png,455,1571,515,1596,
070235_UNKNOWN.png,603,0,640,30,
070236_M17.png,610,39,641,126,
070237_S29.png,562,38,595,130,
070238_UNKNOWN.png,590,125,631,156,
070239_UNKNOWN.png,564,138,600,162,
070240_D21.png,562,158,628,187,
070241_V31.png,550,183,637,226,
070242_D2.png,571,225,624,285,
070243_UNKNOWN.png,590,271,638,311,
070244_X1.png,598,317,643,363,
070245_Z1.png,578,314,595,348,
070246_UNKNOWN.png,552,296,585,363,
070247_E34.png,564,374,627,401,
070248_UNKNOWN.png,601,398,633,418,
070249_M17.png,596,419,625,490,
070250_S29.png,579,425,597,490,
070251_UNKNOWN.png,562,421,590,477,
070252_UNKNOWN.png,603,472,633,503,
070253_UNKNOWN.png,579,490,642,508,
070254_R8.png,608,506,635,579,
070255_UNKNOWN.png,550,506,615,585,
070256_UNKNOWN.png,581,557,632,624,
070257_D2.png,571,614,618,680,
070258_D21.png,558,684,632,714,
070259_I9.png,556,709,637,744,
070260_UNKNOWN.png,556,738,639,823,
070261_D19.png,554,764,607,813,
070262_UNKNOWN.png,613,817,641,846,
070263_I9.png,549,829,620,855,
070264_G7.png,549,848,633,968,
070265_UNKNOWN.png,593,978,643,1014,
070266_D35.png,559,972,610,1010,
070267_X1.png,575,1010,623,1038,
070268_N29.png,566,1038,617,1092,
070269_I9.png,554,1096,638,1137,
070270_D35.png,553,1132,643,1172,
070271_G40.png,550,1168,642,1246,
070272_N29.png,601,1243,639,1289,
070273_O50.png,558,1250,599,1288,
070274_I9.png,557,1285,634,1323,
070275_G17.png,558,1316,630,1398,
070276_F16.png,565,1389,625,1437,
070277_T22.png,608,1430,631,1504,
070278_T22.png,584,1427,605,1505,
070279_T22.png,559,1431,582,1506,
070280_W24.png,600,1534,635,1577,
070281_G43.png,556,1502,616,1591,
070282_UNKNOWN.png,657,0,696,16,
070283_UNKNOWN.png,685,20,724,55,
070284_S29.png,706,50,732,133,
070285_Q3.png,657,88,697,137,
070286_I9.png,648,130,734,171,
070287_M17.png,701,161,730,242,
070288_D58.png,650,172,701,244,
070289_X1.png,665,241,717,274,
070290_G17.png,655,267,723,358,
070291_F16.png,676,350,729,390,
070292_T22.png,708,385,729,473,
070293_UNKNOWN.png,656,377,684,399,
070294_T22.png,678,391,703,471,
070295_T22.png,648,393,669,472,
070296_O50.png,664,471,707,516,
070297_G43.png,650,504,721,603,
070298_UNKNOWN.png,661,628,695,666,
070299_E34.png,640,658,727,725,
070300_N35.png,643,723,712,749,
070301_UNKNOWN.png,682,745,713,765,
070302_UNKNOWN.png,645,745,691,769,
070303_UNKNOWN.png,662,779,722,799,
070304_O31.png,642,803,730,836,
070305_O31.png,641,834,731,871,
070306_S29.png,719,868,736,956,
070307_UNKNOWN.png,712,866,727,933,
070308_G17.png,640,864,715,959,
070309_V31.png,640,955,727,994,
070310_X1.png,690,991,733,1016,
070311_X1.png,642,991,683,1018,
070312_UNKNOWN.png,679,1014,725,1070,
070313_UNKNOWN.png,653,1014,673,1054,
070314_UNKNOWN.png,714,1038,735,1070,
070315_UNKNOWN.png,642,1018,674,1062,
070316_D35.png,640,1072,730,1118,
070317_UNKNOWN.png,668,1120,727,1156,
070318_UNKNOWN.png,644,1145,706,1178,
070319_N35.png,644,1176,731,1202,
070320_I9.png,646,1197,735,1251,
070321_UNKNOWN.png,644,1199,687,1227,
070322_O31.png,651,1239,727,1277,
070323_O31.png,652,1274,727,1301,
070324_UNKNOWN.png,707,1301,733,1385,
070325_G17.png,644,1303,716,1387,
070326_D36.png,648,1382,733,1419,
070327_X1.png,666,1410,707,1438,
070328_UNKNOWN.png,688,1431,733,1484,
070329_P98.png,642,1433,733,1501,
070330_D35.png,672,1496,735,1533,
070331_UNKNOWN.png,640,1514,691,1535,
070332_UNKNOWN.png,666,1526,711,1606,
070333_D36.png,644,1589,733,1629,
070334_D35.png,765,15,815,52,
070335_N35.png,734,111,825,137,
070336_UNKNOWN.png,779,131,803,151,
070337_UNKNOWN.png,734,133,781,156,
070338_I9.png,734,144,824,181,
070339_O31.png,739,179,815,207,
070340_O31.png,742,208,813,239,
070341_V28.png,762,237,801,332,
070342_UNKNOWN.png,795,319,820,360,
070343_UNKNOWN.png,740,331,771,354,
070344_G39.png,748,350,812,427,
070345_X1.png,781,463,826,491,
070346_G43.png,738,424,803,517,
070347_M18.png,765,514,805,609,
070348_N35.png,737,605,817,630,
070349_E34.png,746,648,814,681,
070350_N35.png,746,679,819,703,
070351_M17.png,788,701,813,772,
070352_S29.png,750,701,779,773,
070353_M17.png,765,787,799,882,
070354_D21.png,740,884,824,914,
070355_V31.png,744,914,817,950,
070356_UNKNOWN.png,735,920,755,945,
070357_UNKNOWN.png,755,958,795,985,
070358_E34.png,746,973,814,1003,
070359_N35.png,744,1003,799,1029,
070360_M17.png,782,1023,803,1093,
070361_S29.png,752,1017,781,1097,
070362_Q3.png,759,1102,801,1167,
070363_M17.png,763,1160,794,1258,
070364_S29.png,790,1258,821,1339,
070365_U1.png,734,1255,806,1334,
070366_T30.png,738,1333,825,1369,
070367_E1.png,738,1360,825,1434,
070368_X1.png,756,1431,801,1459,
070369_M17.png,790,1451,819,1540,
070370_M17.png,744,1454,778,1543,
070371_D28.png,754,1533,815,1597,
070372_D52.png,742,1590,823,1633,
070373_M18.png,858,14,893,107,
070374_UNKNOWN.png,875,99,912,121,
070375_N35.png,825,102,883,127,
070376_E34.png,834,129,911,176,
070377_N35.png,836,172,910,199,
070378_M17.png,875,189,901,247,
070379_S29.png,850,193,876,260,
070380_D21.png,829,268,911,298,
070381_V31.png,824,297,905,332,
070382_S29.png,895,333,916,412,
070383_UNKNOWN.png,888,329,905,394,
070384_U1.png,827,335,895,407,
070385_UNKNOWN.png,825,404,905,435,
070386_E1.png,828,423,914,499,
070387_X1.png,848,492,897,527,
070388_M17.png,876,518,907,602,
070389_M17.png,842,521,868,606,
070390_E34.png,839,618,909,658,
070391_N35.png,838,656,911,679,
070392_M17.png,882,673,906,740,
070393_S29.png,856,677,875,740,
070394_UNKNOWN.png,847,671,865,724,
070395_Q3.png,855,754,897,802,
070396_M17.png,864,799,895,906,
070397_UNKNOWN.png,846,902,915,940,
070398_D21.png,840,945,911,975,
070399_V13.png,832,971,915,1005,
070400_F31.png,843,1007,903,1103,
070401_G43.png,840,1124,917,1240,
070402_UNKNOWN.png,830,1093,913,1166,
070403_F31.png,850,1251,905,1355,
070404_S29.png,880,1358,913,1449,
070405_S29.png,836,1361,869,1451,
070406_V13.png,834,1445,917,1483,
070407_G43.png,842,1480,912,1578,
070408_UNKNOWN.png,824,1479,884,1606,
070409_G17.png,938,12,999,98,
070410_M17.png,996,89,1019,166,
070411_G1.png,924,91,992,173,
070412_X1.png,949,165,1003,195,
070413_N30.png,928,191,1017,263,
070414_UNKNOWN.png,978,202,1015,228,
070415_N30.png,933,265,1012,294,
070416_G5.png,928,288,1023,379,
070417_X1.png,952,368,1003,398,
070418_M17.png,960,393,990,481,
070419_UNKNOWN.png,954,463,1025,511,
070420_D2.png,948,507,1001,572,
070421_UNKNOWN.png,924,488,967,565,
070422_D21.png,927,567,1015,599,
070423_V31.png,925,590,1018,635,
070424_E9.png,925,626,1029,688,
070425_G17.png,937,684,1019,770,
070426_M17.png,1000,765,1025,848,
070427_G17.png,924,768,1002,851,
070428_X1.png,956,845,1005,873,
070429_N30.png,941,869,1019,906,
070430_N30.png,943,898,1016,933,
070431_N30.png,944,924,1016,959,
070432_E9.png,926,951,1029,1012,
070433_UNKNOWN.png,967,955,1017,1001,
070434_X1.png,954,1016,994,1041,
070435_M17.png,956,1040,990,1130,
070436_I10.png,932,1118,1025,1213,
070437_D2.png,952,1162,1011,1231,
070438_D21.png,936,1224,1023,1254,
070439_M17.png,1001,1287,1029,1370,
070440_G1.png,928,1253,1027,1381,
070441_D21.png,944,1366,1025,1396,
070442_E23.png,932,1387,1029,1437,
070443_G17.png,938,1432,1023,1538,
070444_S29.png,992,1520,1027,1611,
070445_N5.png,927,1524,985,1569,
070446_X1.png,940,1580,991,1614,
070447_UNKNOWN.png,1035,10,1055,59,
070448_D21.png,1031,58,1121,89,
070449_U33.png,1092,80,1121,173,
070450_M17.png,1040,87,1068,182,
070451_O50.png,1079,174,1119,217,
070452_P8.png,1038,174,1065,264,
070453_UNKNOWN.png,1093,300,1129,322,
070454_UNKNOWN.png,1032,303,1071,328,
070455_E34.png,1041,336,1115,387,
070456_UNKNOWN.png,1079,383,1123,406,
070457_UNKNOWN.png,1040,386,1084,411,
070458_M17.png,1089,401,1111,474,
070459_S29.png,1053,401,1083,475,
070460_V28.png,1106,480,1139,571,
070461_G1.png,1031,481,1101,581,
070462_S28.png,1047,577,1123,674,
070463_X1.png,1036,637,1085,668,
070464_M17.png,1098,666,1129,766,
070465_M17.png,1059,671,1085,767,
070466_U1.png,1050,757,1124,825,
070467_D4.png,1035,820,1130,855,
070468_UNKNOWN.png,1086,913,1120,942,
070469_G1.png,1039,860,1111,950,
070470_UNKNOWN.png,1091,947,1119,968,
070471_UNKNOWN.png,1048,948,1087,970,
070472_N35.png,1047,961,1133,987,
070473_V13.png,1046,971,1134,1011,
070474_N35.png,1042,1001,1135,1027,
070475_E34.png,1051,1036,1111,1084,
070476_UNKNOWN.png,1053,1079,1094,1103,
070477_S29.png,1068,1094,1093,1162,
070478_W19.png,1114,1166,1141,1238,
070479_G17.png,1044,1165,1121,1246,
070480_D21.png,1046,1246,1140,1280,
070481_U1.png,1053,1276,1130,1351,
070482_G1.png,1042,1382,1127,1472,
070483_G1.png,1042,1458,1127,1549,
070484_G5.png,1040,1537,1133,1635,
