090000_UNKNOWN.png,65,23,88,64,
090001_UNKNOWN.png,8,25,27,70,
090002_D21.png,4,68,85,97,
090003_U33.png,56,87,87,174,
090004_M17.png,12,93,38,182,
090005_O50.png,45,174,83,214,
090006_D21.png,28,217,91,245,
090007_P8.png,9,173,34,255,
090008_E23.png,1,245,77,293,
090009_N35.png,4,288,94,315,
090010_E34.png,12,321,77,369,
090011_UNKNOWN.png,46,365,84,387,
090012_UNKNOWN.png,10,367,55,390,
090013_M17.png,52,380,74,448,
090014_S29.png,22,382,49,449,
090015_V28.png,66,453,97,538,
090016_G35.png,0,454,65,546,
090017_S28.png,17,543,85,632,
090018_X1.png,7,597,50,628,
090019_M17.png,61,622,89,715,
090020_M17.png,26,628,51,717,
090021_U1.png,18,706,84,769,
090022_D4.png,5,764,91,796,
090023_G35.png,9,800,80,883,
090024_UNKNOWN.png,48,879,84,900,
090025_UNKNOWN.png,16,881,57,902,
090026_N35.png,14,892,97,918,
090027_V13.png,14,904,95,939,
090028_N35.png,11,930,94,954,
090029_E34.png,17,961,84,1005,
090030_N35.png,19,999,67,1022,
090031_M17.png,54,1013,74,1061,
090032_S29.png,33,1014,55,1077,
090033_U35.png,72,1079,97,1148,
090034_G17.png,11,1079,79,1154,
090035_D21.png,14,1153,95,1186,
090036_U1.png,19,1180,88,1251,
090037_G1.png,9,1275,84,1360,
090038_G1.png,7,1348,85,1433,
090039_G5.png,5,1419,90,1507,
090040_N35.png,6,1498,97,1524,
090041_Q1.png,48,1516,97,1597,
090042_X1.png,6,1550,50,1580,
090043_U1.png,104,22,172,93,
090044_D4.png,104,87,187,120,
090045_G35.png,98,113,173,212,
090046_N35.png,100,202,187,227,
090047_N35.png,99,225,183,251,
090048_V13.png,98,245,187,280,
090049_N35.png,98,274,165,300,
090050_E34.png,109,314,180,345,
090051_N35.png,108,341,182,367,
090052_M17.png,148,358,174,430,
090053_S29.png,118,358,142,430,
090054_W19.png,158,442,192,526,
090055_U1.png,100,445,157,507,
090056_D4.png,98,499,168,529,
090057_UNKNOWN.png,159,593,186,617,
090058_G35.png,102,524,185,617,
090059_G35.png,101,597,184,683,
090060_I5.png,98,684,192,726,
090061_N35.png,101,723,192,747,
090062_UNKNOWN.png,118,740,176,849,
090063_U1.png,113,847,182,918,
090064_D4.png,104,918,188,951,
090065_G35.png,109,947,186,1034,
090066_UNKNOWN.png,160,1026,192,1047,
090067_UNKNOWN.png,136,1027,165,1049,
090068_UNKNOWN.png,105,1028,149,1052,
090069_UNKNOWN.png,159,1046,192,1068,
090070_N35.png,105,1046,167,1074,
090071_UNKNOWN.png,147,1081,186,1100,
090072_V13.png,106,1071,178,1101,
090073_N35.png,106,1109,174,1134,
090074_E34.png,126,1153,178,1181,
090075_UNKNOWN.png,113,1153,141,1184,
090076_N35.png,115,1181,180,1204,
090077_M17.png,150,1197,172,1262,
090078_S29.png,124,1199,148,1265,
090079_UNKNOWN.png,111,1270,165,1287,
090080_W19.png,128,1279,168,1364,
090081_D4.png,109,1359,188,1393,
090082_U1.png,117,1384,185,1455,
090083_UNKNOWN.png,155,1451,192,1483,
090084_D4.png,110,1451,169,1485,
090085_G35.png,106,1481,184,1570,
090086_UNKNOWN.png,244,60,266,92,
090087_UNKNOWN.png,232,40,251,92,
090088_N35.png,218,86,284,110,
090089_UNKNOWN.png,194,89,228,111,
090090_N35.png,195,104,282,129,
090091_V28.png,254,123,286,197,
090092_G21.png,194,120,262,204,
090093_X1.png,213,198,266,230,
090094_R8.png,220,227,281,312,
090095_R8.png,196,230,230,311,
090096_M17.png,253,312,280,404,
090097_Z11.png,194,314,253,403,
090098_X1.png,215,402,264,439,
090099_F4.png,197,427,286,492,
090100_X1.png,214,484,266,517,
090101_UNKNOWN.png,194,512,289,574,
090102_N5.png,216,571,267,620,
090103_UNKNOWN.png,243,623,285,688,
090104_S29.png,205,615,233,699,
090105_E34.png,207,722,282,779,
090106_M17.png,251,773,274,832,
090107_S29.png,220,769,245,839,
090108_G17.png,205,855,281,937,
090109_D52.png,200,932,282,975,
090110_I9.png,199,949,291,992,
090111_M17.png,229,982,259,1079,
090112_E34.png,197,1076,291,1146,
090113_N35.png,202,1143,288,1168,
090114_E34.png,211,1177,276,1222,
090115_N35.png,212,1220,277,1243,
090116_M17.png,246,1234,270,1303,
090117_S29.png,223,1234,250,1289,
090118_O4.png,244,1320,288,1372,
090119_W24.png,205,1327,240,1372,
090120_UNKNOWN.png,210,1371,283,1407,
090121_UNKNOWN.png,223,1408,283,1439,
090122_UNKNOWN.png,213,1411,233,1441,
090123_UNKNOWN.png,214,1431,283,1476,
090124_I9.png,215,1467,291,1504,
090125_M17.png,259,1496,288,1583,
090126_S29.png,215,1500,244,1582,
090127_UNKNOWN.png,345,50,370,77,
090128_UNKNOWN.png,293,12,335,68,
090129_Q3.png,316,67,354,118,
090130_G4.png,291,114,372,208,
090131_I9.png,291,195,380,234,
090132_M17.png,322,229,350,310,
090133_X1.png,309,311,357,342,
090134_U15.png,295,332,380,382,
090135_G17.png,299,379,374,463,
090136_G43.png,302,456,367,544,
090137_G36.png,291,541,375,612,
090138_D21.png,300,610,375,640,
090139_I10.png,300,630,378,712,
090140_M17.png,319,675,352,760,
090141_D4.png,302,757,375,789,
090142_E34.png,302,798,370,842,
090143_N35.png,303,836,373,861,
090144_M17.png,345,852,368,905,
090145_UNKNOWN.png,337,884,360,909,
090146_S29.png,314,856,339,926,
090147_M17.png,325,940,361,1036,
090148_I10.png,299,1022,385,1102,
090149_D46.png,316,1082,381,1107,
090150_X1.png,321,1110,370,1137,
090151_I9.png,297,1138,380,1172,
090152_N35.png,310,1172,367,1193,
090153_E34.png,313,1197,375,1247,
090154_N35.png,311,1241,375,1265,
090155_M17.png,348,1253,371,1322,
090156_S29.png,321,1257,343,1310,
090157_P8.png,365,1348,388,1430,
090158_I10.png,298,1348,371,1435,
090159_N37.png,306,1428,382,1459,
090160_N35.png,305,1455,388,1479,
090161_V7.png,327,1473,362,1557,
090162_E34.png,395,29,459,72,
090163_N35.png,397,64,459,86,
090164_M17.png,431,82,454,141,
090165_S29.png,407,80,430,143,
090166_UNKNOWN.png,417,172,449,251,
090167_UNKNOWN.png,387,159,434,232,
090168_UNKNOWN.png,441,249,472,299,
090169_UNKNOWN.png,392,262,452,289,
090170_X1.png,406,291,452,323,
090171_O50.png,428,350,470,392,
090172_S29.png,399,323,427,414,
090173_D58.png,430,414,473,483,
090174_D58.png,392,415,434,484,
090175_E34.png,398,493,469,538,
090176_N35.png,397,534,455,561,
090177_M17.png,437,557,461,624,
090178_S29.png,409,557,437,628,
090179_G17.png,397,639,466,726,
090180_V4.png,400,716,466,788,
090181_X1.png,415,783,461,812,
090182_N31.png,397,805,479,853,
090183_X1.png,410,855,463,891,
090184_N35.png,408,882,479,906,
090185_UNKNOWN.png,391,884,420,908,
090186_O50.png,435,923,476,964,
090187_S29.png,396,904,425,984,
090188_D58.png,434,977,479,1052,
090189_D58.png,395,982,444,1054,
090190_U15.png,392,1051,479,1106,
090191_X1.png,403,1095,458,1134,
090192_UNKNOWN.png,415,1142,453,1171,
090193_E34.png,407,1157,469,1187,
090194_UNKNOWN.png,408,1181,470,1262,
090195_S29.png,416,1196,441,1263,
090196_Q3.png,423,1275,460,1325,
090197_G43.png,406,1342,465,1412,
090198_G5.png,394,1411,462,1500,
090199_UNKNOWN.png,429,1463,451,1495,
090200_M18.png,431,1494,452,1576,
090201_N35.png,397,1573,479,1597,
090202_G17.png,485,19,558,104,
090203_G17.png,485,100,560,186,
090204_M16.png,499,187,556,276,
090205_G35.png,485,271,563,360,
090206_UNKNOWN.png,499,352,543,399,
090207_I9.png,485,381,571,425,
090208_M17.png,540,419,564,509,
090209_W25.png,490,422,543,510,
090210_N35.png,487,500,565,529,
090211_N35.png,487,526,570,548,
090212_UNKNOWN.png,488,542,564,581,
090213_W24.png,510,569,544,612,
090214_G43.png,496,611,556,698,
090215_N35.png,487,695,572,723,
090216_E34.png,495,735,562,779,
090217_UNKNOWN.png,498,768,565,835,
090218_S29.png,509,784,538,852,
090219_M17.png,546,868,570,955,
090220_W25.png,487,866,550,958,
090221_N35.png,488,959,571,988,
090222_X1.png,511,975,551,1006,
090223_N35.png,486,1003,574,1032,
090224_V30.png,493,1034,568,1072,
090225_E34.png,500,1103,568,1141,
090226_N35.png,502,1132,567,1156,
090227_M17.png,537,1146,563,1227,
090228_S29.png,509,1149,540,1226,
090229_O34.png,492,1249,573,1277,
090230_M17.png,545,1282,573,1386,
090231_M17.png,499,1286,529,1388,
090232_G17.png,501,1406,574,1489,
090233_UNKNOWN.png,497,1485,574,1545,
090234_N35.png,495,1539,574,1565,
090235_X1.png,517,1557,563,1587,
090236_G35.png,580,17,630,93,
090237_UNKNOWN.png,582,93,657,121,
090238_N5.png,593,120,642,170,
090239_UNKNOWN.png,580,161,661,309,
090240_N35.png,586,211,653,234,
090241_M17.png,622,227,644,293,
090242_S29.png,596,229,619,292,
090243_N35.png,580,302,659,329,
090244_UNKNOWN.png,627,368,654,408,
090245_UNKNOWN.png,589,328,639,424,
090246_UNKNOWN.png,642,405,672,451,
090247_UNKNOWN.png,583,412,652,519,
090248_O50.png,600,517,642,561,
090249_G43.png,582,550,653,645,
090250_UNKNOWN.png,608,655,660,676,
090251_V13.png,580,642,658,676,
090252_G43.png,593,675,656,769,
090253_M17.png,645,764,668,846,
090254_D21.png,580,763,646,795,
090255_O50.png,592,801,628,839,
090256_M23.png,628,842,672,929,
090257_G43.png,580,841,637,926,
090258_M17.png,614,928,641,1009,
090259_D21.png,586,1009,657,1040,
090260_O1.png,589,1043,660,1101,
090261_D21.png,587,1101,658,1133,
090262_V30.png,588,1136,657,1174,
090263_UNKNOWN.png,603,1137,633,1166,
090264_UNKNOWN.png,583,1179,641,1201,
090265_D35.png,580,1195,672,1236,
090266_O50.png,612,1231,651,1269,
090267_G17.png,593,1264,670,1357,
090268_I9.png,593,1349,672,1389,
090269_R4.png,593,1376,672,1425,
090270_X1.png,615,1423,655,1448,
090271_X8.png,613,1440,658,1514,
090272_D2.png,689,28,741,87,
090273_F34.png,687,94,748,151,
090274_O50.png,714,157,754,194,
090275_M3.png,676,202,753,222,
090276_G35.png,676,230,755,310,
090277_N37.png,683,306,751,329,
090278_M17.png,700,327,732,410,
090279_O34.png,676,405,762,432,
090280_V31.png,676,427,755,462,
090281_UNKNOWN.png,676,453,713,484,
090282_O1.png,684,486,755,530,
090283_D21.png,683,526,729,555,
090284_D21.png,683,551,753,579,
090285_G43.png,690,573,747,655,
090286_V31.png,678,656,745,690,
090287_M17.png,743,685,769,763,
090288_G17.png,681,687,750,767,
090289_I9.png,676,760,766,800,
090290_O4.png,700,795,740,841,
090291_G35.png,681,838,751,923,
090292_V31.png,679,912,767,953,
090293_G17.png,682,949,759,1040,
090294_S29.png,747,1040,769,1103,
090295_G17.png,685,1041,760,1137,
090296_V31.png,683,1129,767,1169,
090297_X1.png,731,1166,769,1192,
090298_X1.png,685,1169,725,1194,
090299_UNKNOWN.png,731,1193,762,1242,
090300_UNKNOWN.png,707,1194,733,1247,
090301_P98.png,678,1195,769,1270,
090302_V24.png,751,1273,769,1363,
090303_E34.png,697,1371,762,1433,
090304_UNKNOWN.png,734,1422,751,1451,
090305_UNKNOWN.png,706,1422,732,1451,
090306_V31.png,702,1494,762,1525,
090307_V24.png,754,1516,769,1599,
090308_UNKNOWN.png,813,15,844,81,
090309_D2.png,793,95,842,152,
090310_UNKNOWN.png,814,155,842,189,
090311_UNKNOWN.png,790,152,824,210,
090312_G43.png,774,212,830,300,
090313_UNKNOWN.png,774,309,843,365,
090314_UNKNOWN.png,782,345,832,414,
090315_UNKNOWN.png,778,410,853,499,
090316_G43.png,785,494,841,578,
090317_X1.png,797,581,830,606,
090318_UNKNOWN.png,805,606,844,665,
090319_UNKNOWN.png,817,649,845,690,
090320_UNKNOWN.png,792,626,825,670,
090321_X1.png,795,691,834,728,
090322_UNKNOWN.png,827,723,853,768,
090323_UNKNOWN.png,776,717,853,903,
090324_D21.png,783,800,826,824,
090325_UNKNOWN.png,808,825,844,847,
090326_UNKNOWN.png,774,829,803,850,
090327_UNKNOWN.png,804,881,843,901,
090328_UNKNOWN.png,775,865,808,901,
090329_N29.png,804,899,845,946,
090330_UNKNOWN.png,832,945,853,1016,
090331_S29.png,793,950,816,1028,
090332_UNKNOWN.png,786,946,805,1008,
090333_UNKNOWN.png,789,1008,853,1139,
090334_S29.png,787,1051,820,1142,
090335_N35.png,779,1169,846,1193,
090336_D36.png,776,1204,850,1241,
090337_S29.png,812,1247,840,1336,
090338_UNKNOWN.png,791,1334,830,1373,
090339_S29.png,809,1374,846,1461,
090340_UNKNOWN.png,787,1461,823,1483,
090341_G17.png,780,1477,853,1563,
090342_UNKNOWN.png,798,1559,843,1594,
090343_D46.png,883,63,967,94,
090344_I10.png,876,7,950,92,
090345_N35.png,877,92,961,119,
090346_V31.png,876,112,957,148,
090347_D21.png,879,149,965,175,
090348_N35.png,877,175,967,199,
090349_V31.png,876,195,957,233,
090350_Q3.png,931,256,969,302,
090351_G43.png,880,227,943,320,
090352_UNKNOWN.png,914,316,967,339,
090353_G35.png,876,332,959,413,
090354_UNKNOWN.png,876,418,971,498,
090355_W11.png,918,419,967,461,
090356_G36.png,878,492,961,547,
090357_D21.png,881,546,967,576,
090358_O1.png,884,577,961,626,
090359_D21.png,885,626,966,660,
090360_G17.png,883,653,963,748,
090361_G17.png,878,752,960,814,
090362_D21.png,883,815,966,847,
090363_X1.png,901,845,948,873,
090364_D35.png,876,867,971,913,
090365_N37.png,887,910,965,941,
090366_Q3.png,909,942,951,990,
090367_D4.png,880,994,971,1026,
090368_UNKNOWN.png,884,1028,971,1192,
090369_E34.png,892,1061,965,1087,
090370_N35.png,895,1085,967,1109,
090371_UNKNOWN.png,940,1154,971,1186,
090372_M17.png,936,1103,963,1175,
090373_S29.png,903,1103,931,1176,
090374_D46.png,898,1194,969,1217,
090375_UNKNOWN.png,896,1188,947,1209,
090376_UNKNOWN.png,885,1197,907,1216,
090377_V31.png,890,1211,968,1251,
090378_M23.png,936,1248,971,1333,
090379_G43.png,890,1247,953,1333,
090380_UNKNOWN.png,927,1380,971,1413,
090381_G17.png,890,1331,971,1450,
090382_V31.png,891,1445,971,1482,
090383_G43.png,898,1475,965,1568,
090384_UNKNOWN.png,1009,0,1065,22,
090385_UNKNOWN.png,978,0,1018,23,
090386_I9.png,987,15,1064,51,
090387_D36.png,982,46,1066,82,
090388_N35.png,978,75,1065,98,
090389_V31.png,978,91,1053,129,
090390_N37.png,991,125,1057,151,
090391_G35.png,982,147,1056,223,
090392_Q3.png,1024,218,1058,267,
090393_X1.png,978,235,1023,265,
090394_UNKNOWN.png,978,259,1069,318,
090395_UNKNOWN.png,1037,277,1057,317,
090396_UNKNOWN.png,1020,282,1040,317,
090397_UNKNOWN.png,1004,278,1021,319,
090398_UNKNOWN.png,988,279,1009,322,
090399_O50.png,1021,342,1064,387,
090400_S29.png,978,326,1011,413,
090401_D21.png,983,408,1062,438,
090402_UNKNOWN.png,1000,432,1044,455,
090403_UNKNOWN.png,1021,466,1062,485,
090404_UNKNOWN.png,983,444,1057,492,
090405_N35.png,981,491,1072,515,
090406_UNKNOWN.png,984,539,1070,686,
090407_W11.png,986,544,1027,585,
090408_Q3.png,989,576,1027,627,
090409_UNKNOWN.png,1041,689,1060,769,
090410_S29.png,997,686,1018,764,
090411_UNKNOWN.png,989,684,1008,744,
090412_UNKNOWN.png,995,801,1059,836,
090413_N35.png,988,825,1076,849,
090414_V31.png,987,847,1063,885,
090415_N37.png,990,888,1076,918,
090416_N35.png,986,917,1076,940,
090417_M17.png,1050,931,1076,1020,
090418_X1.png,983,933,1036,962,
090419_M41.png,990,960,1038,1001,
090420_M41.png,996,989,1040,1024,
090421_M41.png,1003,1017,1044,1048,
090422_D4.png,992,1042,1073,1074,
090423_UNKNOWN.png,978,1037,1012,1065,
090424_UNKNOWN.png,993,1069,1059,1095,
090425_V31.png,991,1085,1062,1124,
090426_UNKNOWN.png,992,1116,1076,1270,
090427_UNKNOWN.png,1029,1174,1066,1194,
090428_UNKNOWN.png,1002,1172,1037,1197,
090429_M17.png,1039,1191,1063,1255,
090430_S29.png,1020,1194,1040,1258,
090431_UNKNOWN.png,1013,1190,1031,1241,
090432_N35.png,982,1265,1046,1289,
090433_UNKNOWN.png,979,1265,1076,1320,
090434_UNKNOWN.png,1046,1319,1076,1340,
090435_O4.png,1042,1321,1072,1373,
090436_N35.png,980,1322,1050,1345,
090437_N35.png,979,1355,1050,1379,
090438_D4.png,995,1374,1076,1406,
090439_I9.png,986,1396,1076,1435,
090440_N35.png,997,1423,1076,1449,
090441_V31.png,987,1444,1076,1482,
090442_M17.png,1057,1474,1076,1554,
090443_G1.png,985,1477,1061,1560,
090444_UNKNOWN.png,1077,231,1099,274,
090445_UNKNOWN.png,1082,327,1099,368,
