200000_S29.png,30,11,71,91
200001_V13.png,12,88,99,119
200002_V13.png,13,119,93,149
200003_G43.png,19,148,89,237
200004_D21.png,11,236,90,264
200005_O50.png,28,264,80,304
200006_X1.png,22,306,88,335
200007_M23.png,23,330,80,409
200008_G43.png,17,404,91,498
200009_S29.png,35,499,65,579
200010_V13.png,10,572,94,614
200011_M23.png,23,614,80,706
200012_G43.png,17,705,86,798
200013_D21.png,16,795,93,828
200014_O50.png,32,825,83,866
200015_V13.png,6,863,98,896
200016_G43.png,18,897,92,1001
200017_S29.png,29,1001,77,1086
200018_V13.png,12,1084,98,1120
200019_M23.png,23,1117,85,1206
200020_G43.png,21,1204,92,1297
200021_D21.png,14,1298,96,1324
200022_O50.png,27,1327,83,1367
200023_V13.png,10,1366,97,1403
200024_G43.png,17,1402,90,1491
200025_G17.png,6,1491,88,1577
200026_D21.png,106,14,186,43
200027_Y5.png,105,42,191,74
200028_N35.png,104,75,192,96
200029_UNKNOWN.png,103,98,188,125
200030_UNKNOWN.png,103,126,187,153
200031_UNKNOWN.png,104,151,186,177
200032_S29.png,124,178,169,264
200033_N35.png,100,263,194,285
200034_D36.png,105,285,192,319
200035_M1.png,133,318,166,399
200036_D36.png,107,388,195,415
200037_E34.png,117,437,175,479
200038_N35.png,119,479,181,493
200039_M17.png,155,494,176,556
200040_S29.png,127,493,151,558
200041_D2.png,122,572,184,636
200042_UNKNOWN.png,109,632,192,663
200043_UNKNOWN.png,131,660,178,784
200044_U33.png,158,780,195,868
200045_M17.png,116,781,146,872
200046_N35.png,108,877,197,901
200047_Y5.png,108,902,194,937
200048_N35.png,105,940,197,965
200049_G43.png,113,960,189,1059
200050_V28.png,164,1060,196,1149
200051_G43.png,104,1061,169,1151
200052_X1.png,129,1151,181,1173
200053_N1.png,109,1175,198,1201
200054_M17.png,164,1199,191,1280
200055_W25.png,115,1200,169,1281
200056_N35.png,105,1283,196,1303
200057_N35.png,105,1301,196,1321
200058_I9.png,107,1320,195,1356
200059_M17.png,136,1355,164,1442
200060_D36.png,109,1438,194,1477
200061_X1.png,133,1474,177,1498
200062_N31.png,112,1495,192,1537
200063_N35.png,108,1541,195,1560
200064_D21.png,206,15,283,42
200065_UNKNOWN.png,204,44,282,94
200066_E23.png,202,90,288,133
200067_Q3.png,250,137,286,178
200068_X1.png,207,143,247,170
200069_N1.png,203,181,288,202
200070_D21.png,207,200,284,227
200071_UNKNOWN.png,202,231,284,270
200072_Y2.png,211,270,280,287
200073_UNKNOWN.png,211,294,285,336
200074_D21.png,208,334,284,358
200075_N37.png,208,357,284,387
200076_H6.png,263,389,289,482
200077_G43.png,201,390,265,487
200078_X1.png,224,482,270,508
200079_D36.png,203,498,287,535
200080_V28.png,250,534,286,627
200081_UNKNOWN.png,203,534,254,626
200082_D58.png,224,627,286,693
200083_G43.png,208,693,281,787
200084_UNKNOWN.png,207,789,287,810
200085_UNKNOWN.png,209,807,288,823
200086_UNKNOWN.png,205,821,290,841
200087_G17.png,208,843,289,929
200088_E34.png,216,946,278,992
200089_N35.png,215,991,278,1009
200090_M17.png,250,1007,271,1069
200091_S29.png,224,1010,244,1073
200092_M8.png,208,1091,284,1142
200093_G1.png,203,1140,288,1220
200094_S29.png,266,1218,291,1295
200095_D54.png,205,1223,269,1291
200096_E34.png,216,1313,282,1357
200097_N35.png,215,1358,282,1376
200098_M17.png,253,1372,273,1439
200099_S29.png,223,1373,247,1439
200100_N37.png,203,1453,289,1480
200101_H6.png,262,1483,291,1572
200102_G43.png,202,1483,265,1572
200103_E34.png,311,27,369,65
200104_N35.png,308,65,371,81
200105_M17.png,346,83,368,150
200106_S29.png,316,85,339,151
200107_N35.png,296,167,384,190
200108_N35.png,298,191,385,209
200109_UNKNOWN.png,295,208,383,253
200110_S29.png,353,238,382,327
200111_Q7.png,298,242,356,328
200112_V13.png,297,331,383,365
200113_N35.png,296,366,384,384
200114_R8.png,346,387,382,461
200115_R8.png,327,389,349,462
200116_R8.png,300,389,327,460
200117_P8.png,365,476,385,568
200118_I10.png,294,477,370,567
200119_E34.png,317,584,368,620
200120_N35.png,312,621,369,638
200121_M17.png,346,638,365,700
200122_S29.png,321,638,342,701
200123_Q3.png,343,735,380,790
200124_M17.png,305,719,336,815
200125_G43.png,303,813,378,914
200126_M17.png,347,918,380,1007
200127_V25.png,302,916,343,1011
200128_V13.png,300,1008,384,1039
200129_F34.png,316,1039,373,1094
200130_G39.png,304,1093,386,1166
200131_F34.png,317,1163,378,1213
200132_N16.png,301,1214,387,1242
200133_H6.png,363,1243,387,1322
200134_G43.png,301,1241,361,1325
200135_F40.png,307,1326,386,1387
200136_M17.png,346,1384,378,1467
200137_M17.png,312,1386,342,1467
200138_F40.png,303,1467,384,1537
200139_M23.png,440,6,476,90
200140_D58.png,394,11,443,84
200141_W24.png,416,87,459,127
200142_N35.png,393,125,476,149
200143_G14.png,393,151,471,221
200144_X1.png,416,220,456,242
200145_I9.png,393,237,477,270
200146_D58.png,428,266,476,330
200147_X1.png,392,299,433,326
200148_UNKNOWN.png,399,334,474,390
200149_E34.png,406,417,459,456
200150_N35.png,403,458,465,472
200151_M17.png,436,477,459,534
200152_S29.png,408,474,430,533
200153_Q3.png,447,588,477,627
200154_G43.png,393,550,464,647
200155_M8.png,398,644,474,704
200156_G1.png,393,704,476,790
200157_S29.png,453,789,479,868
200158_D54.png,392,794,454,872
200159_G17.png,396,887,475,969
200160_V31.png,392,968,473,1005
200161_V31.png,393,1006,476,1042
200162_G43.png,402,1039,472,1134
200163_N2.png,407,1137,476,1175
200164_P8.png,433,1159,460,1216
200165_D35.png,393,1217,480,1256
200166_U1.png,398,1252,477,1324
200167_D4.png,400,1322,480,1348
200168_G1.png,393,1351,475,1428
200169_G4.png,393,1428,475,1510
200170_I9.png,398,1510,480,1539
200171_G1.png,483,6,564,83
200172_G17.png,490,82,562,156
200173_Q7.png,502,153,560,225
200174_N35.png,486,226,569,248
200175_V13.png,491,246,565,274
200176_N35.png,485,274,569,299
200177_G25.png,481,299,568,378
200178_X1.png,499,381,555,410
200179_UNKNOWN.png,490,412,562,523
200180_V30.png,503,490,567,518
200181_X1.png,532,564,571,587
200182_G43.png,491,517,554,607
200183_I10.png,482,605,569,685
200184_M23.png,527,647,565,724
200185_M23.png,493,653,531,729
200186_G43.png,487,732,566,822
200187_X1.png,532,827,570,854
200188_X1.png,487,830,531,858
200189_UNKNOWN.png,490,858,571,898
200190_S29.png,510,894,551,977
200191_F34.png,496,981,565,1036
200192_F34.png,497,1031,565,1083
200193_F34.png,496,1080,562,1132
200194_V13.png,487,1132,573,1163
200195_N35.png,487,1164,571,1189
200196_D54.png,502,1188,564,1237
200197_G43.png,493,1237,567,1327
200198_X1.png,504,1325,559,1353
200199_S29.png,512,1352,558,1444
200200_N35.png,486,1441,571,1468
200201_D21.png,492,1466,566,1492
200202_E34.png,502,1511,553,1555
200203_N35.png,497,1558,562,1573
200204_E34.png,593,18,647,50
200205_N35.png,589,48,647,65
200206_M17.png,620,68,644,127
200207_S29.png,594,64,621,130
200208_G17.png,580,151,652,232
200209_D4.png,579,231,659,262
200210_X1.png,617,264,657,289
200211_Z1.png,587,263,613,300
200212_I9.png,580,290,660,323
200213_M17.png,638,319,662,394
200214_G43.png,581,320,640,396
200215_G43.png,593,397,660,482
200216_F12.png,616,483,662,562
200217_S29.png,582,482,616,562
200218_E34.png,594,576,650,608
200219_N35.png,590,609,650,625
200220_M17.png,625,623,648,689
200221_S29.png,598,626,622,692
200222_G17.png,580,709,659,795
200223_D4.png,579,793,665,822
200224_X1.png,617,823,663,850
200225_Z1.png,590,825,605,858
200226_I9.png,579,857,662,891
200227_M17.png,630,886,659,969
200228_Z1.png,585,908,613,941
200229_R8.png,633,969,665,1035
200230_R8.png,606,967,634,1039
200231_R8.png,579,966,607,1039
200232_M23.png,598,1041,647,1111
200233_D21.png,593,1110,656,1128
200234_G43.png,587,1129,655,1208
200235_V22.png,580,1210,662,1274
200236_G4.png,585,1232,663,1312
200237_UNKNOWN.png,577,1312,663,1425
200238_G5.png,584,1419,667,1494
200239_UNKNOWN.png,601,1489,652,1582
200240_M17.png,694,0,730,77
200241_D21.png,670,80,753,105
200242_U1.png,671,105,754,164
200243_F18.png,670,163,756,180
200244_D36.png,672,180,757,219
200245_X1.png,681,220,740,248
200246_M17.png,693,250,728,330
200247_W25.png,685,328,752,396
200248_N35.png,671,397,759,421
200249_X1.png,687,418,744,446
200250_I9.png,666,441,760,477
200251_S29.png,691,482,726,555
200252_M17.png,725,554,761,649
200253_S29.png,673,555,713,648
200254_O50.png,694,647,735,685
200255_D21.png,673,688,760,714
200256_I9.png,670,712,765,747
200257_D21.png,673,750,761,778
200258_G43.png,680,778,760,869
200259_N35.png,672,868,763,890
200260_I9.png,673,890,764,921
200261_D46.png,675,923,764,953
200262_N35.png,672,953,765,973
200263_I10.png,676,972,766,1043
200264_UNKNOWN.png,698,1005,764,1071
200265_G43.png,681,1068,757,1157
200266_Q3.png,698,1161,747,1206
200267_Z7.png,681,1205,763,1237
200268_D21.png,683,1237,762,1266
200269_N35.png,678,1267,768,1285
200270_I9.png,675,1284,769,1322
200271_M17.png,731,1323,767,1407
200272_Z11.png,675,1326,735,1406
200273_G43.png,683,1406,753,1491
200274_N35.png,678,1489,766,1509
200275_W24.png,727,1509,767,1540
200276_W24.png,678,1509,720,1541
200277_W24.png,703,1539,738,1577
200278_D21.png,770,2,856,24
200279_X8.png,784,30,831,105
200280_I9.png,765,101,855,133
200281_F22.png,767,135,848,175
200282_G43.png,779,174,846,260
200283_P8.png,815,263,850,342
200284_M40.png,775,261,813,342
200285_M40.png,818,338,854,416
200286_M40.png,777,340,809,418
200287_G17.png,777,420,852,498
200288_O28.png,821,497,856,579
200289_W24.png,776,500,810,536
200290_O49.png,775,538,828,583
200291_S29.png,795,581,835,670
200292_V31.png,774,669,859,703
200293_E34.png,784,726,850,761
200294_N35.png,786,761,850,780
200295_M17.png,821,777,843,845
200296_S29.png,794,780,817,851
200297_O1.png,782,876,856,930
200298_D21.png,773,931,863,960
200299_G17.png,781,962,861,1047
200300_O4.png,791,1046,853,1098
200301_D21.png,776,1099,857,1125
200302_G43.png,782,1127,856,1218
200303_N5.png,790,1222,855,1267
200304_Q3.png,795,1270,841,1319
200305_N35.png,776,1315,867,1341
200306_G17.png,783,1339,859,1422
200307_M17.png,804,1419,842,1501
200308_D4.png,779,1503,872,1531
200309_E23.png,777,1539,870,1580
200310_G17.png,866,6,940,85
200311_D52.png,866,82,947,114
200312_X1.png,878,111,927,136
200313_D21.png,864,143,944,167
200314_G43.png,872,165,934,250
200315_UNKNOWN.png,905,254,943,319
200316_UNKNOWN.png,873,253,907,323
200317_M17.png,919,323,949,405
200318_G43.png,870,324,927,404
200319_V24.png,925,403,950,492
200320_G43.png,868,407,929,487
200321_N35.png,868,491,950,508
200322_U1.png,871,505,943,566
200323_Y2.png,872,564,943,578
200324_D36.png,869,581,949,613
200325_U33.png,914,611,955,692
200326_M17.png,876,616,903,692
200327_Q3.png,889,692,929,737
200328_Z7.png,873,741,954,774
200329_D21.png,877,774,949,804
200330_N35.png,874,810,957,829
200331_I9.png,871,827,957,857
200332_N35.png,872,865,954,883
200333_UNKNOWN.png,871,885,953,932
200334_X1.png,893,914,944,941
200335_UNKNOWN.png,918,948,956,984
200336_UNKNOWN.png,874,948,916,986
200337_UNKNOWN.png,896,986,940,1022
200338_G39.png,873,1024,954,1102
200339_D58.png,897,1101,950,1163
200340_V13.png,874,1163,958,1196
200341_O34.png,871,1197,956,1217
200342_Aa26.png,900,1217,943,1290
200343_M17.png,921,1289,949,1366
200344_M17.png,890,1290,919,1374
200345_I9.png,877,1367,959,1397
200346_M23.png,886,1394,949,1466
200347_G43.png,886,1467,948,1546
200348_N35.png,877,1552,961,1570
200349_O4.png,966,2,1029,48
200350_M17.png,1008,52,1038,144
200351_M17.png,964,54,1002,148
200352_G17.png,967,149,1041,229
200353_W24.png,976,227,1024,266
200354_Q3.png,981,264,1022,307
200355_N37.png,961,311,1037,338
200356_F23.png,958,339,1045,374
200357_N35.png,958,378,1049,402
200358_M17.png,1026,403,1050,483
200359_M17.png,990,403,1021,485
200360_M17.png,961,406,995,483
200361_X1.png,1021,480,1052,505
200362_X1.png,988,485,1019,504
200363_X1.png,956,486,988,508
200364_S29.png,986,507,1024,592
200365_N35.png,960,595,1055,618
200366_M17.png,1026,618,1054,704
200367_U7.png,965,621,1021,700
200368_D21.png,968,715,1046,739
200369_I9.png,969,744,1058,769
200370_U1.png,969,771,1050,833
200371_N37.png,973,836,1055,860
200372_O50.png,991,859,1041,901
200373_D21.png,973,896,1051,936
200374_P8.png,992,936,1038,1022
200375_I9.png,965,1020,1063,1050
200376_G17.png,978,1048,1058,1137
200377_M17.png,1003,1133,1038,1216
200378_D4.png,967,1219,1059,1250
200379_X1.png,990,1249,1041,1279
200380_N35.png,968,1279,1067,1303
200381_I9.png,970,1306,1067,1336
200382_M17.png,1039,1334,1067,1425
200383_G43.png,973,1333,1037,1426
200384_UNKNOWN.png,992,1421,1051,1504
200385_D36.png,971,1498,1068,1537
200386_N35.png,972,1538,1068,1558
