210001_G17.png,11,6,94,90
210002_D35.png,8,89,101,126
210003_O50.png,31,121,78,161
210004_D35.png,8,161,101,201
210005_G17.png,9,202,91,286
210006_E34.png,24,305,84,348
210007_N35.png,22,348,87,362
210008_M17.png,58,362,79,434
210009_S29.png,29,363,56,435
210010_N5.png,26,452,78,496
210011_S29.png,32,501,73,585
210012_V13.png,8,584,90,620
210013_V13.png,5,619,90,656
210014_G43.png,10,657,85,751
210015_M17.png,60,757,89,854
210016_D21.png,5,752,63,781
210017_O50.png,10,782,66,821
210018_X1.png,10,819,63,851
210019_M23.png,17,853,65,938
210020_G43.png,4,938,79,1034
210021_S29.png,21,1035,64,1111
210022_V13.png,4,1108,86,1140
210023_M23.png,8,1140,76,1224
210024_G43.png,5,1224,78,1320
210025_M17.png,66,1320,87,1398
210026_D21.png,2,1320,70,1352
210027_O50.png,15,1358,60,1400
210028_V13.png,0,1400,86,1440
210029_G43.png,4,1444,74,1541
210030_N31.png,112,11,200,57
210031_N35.png,109,54,200,78
210032_V28.png,129,76,182,171
210033_D21.png,118,172,197,205
210034_X1.png,127,207,192,234
210035_N31.png,111,232,197,271
210036_E34.png,121,295,183,344
210037_N35.png,121,344,186,360
210038_M17.png,152,358,175,430
210039_S29.png,124,361,151,431
210040_Q3.png,144,458,192,518
210041_M17.png,110,447,144,536
210042_D4.png,105,539,192,571
210043_G43.png,105,570,181,676
210044_F13.png,101,676,188,730
210045_Q3.png,119,730,175,781
210046_X1.png,120,781,169,806
210047_N35.png,99,806,191,829
210048_N37.png,102,829,185,856
210049_N35.png,98,859,189,882
210050_E9.png,95,880,191,956
210051_P8.png,169,960,188,1044
210052_I10.png,95,957,170,1036
210053_G17.png,96,1003,170,1090
210054_D35.png,94,1088,186,1120
210055_O50.png,120,1116,157,1149
210056_D35.png,93,1146,186,1178
210057_G17.png,96,1177,179,1259
210058_E34.png,114,1276,171,1315
210059_N35.png,109,1314,175,1334
210060_M17.png,146,1333,169,1403
210061_S29.png,115,1333,142,1404
210062_R8.png,108,1435,168,1539
210063_G43.png,211,0,274,92
210064_H6.png,277,0,300,93
210065_N35.png,210,92,300,113
210066_M195.png,260,115,291,205
210067_X1.png,216,150,262,180
210068_D54.png,211,196,293,258
210069_I9.png,209,254,298,289
210070_G1.png,201,284,297,372
210071_V31.png,209,367,294,404
210072_D21.png,214,402,293,435
210073_D39.png,206,434,295,468
210074_T22.png,263,469,292,550
210075_D19.png,210,485,267,537
210076_I9.png,203,548,294,579
210077_N35.png,205,579,293,597
210078_X1.png,222,595,274,624
210079_UNKNOWN.png,206,627,289,721
210080_N29.png,238,724,289,783
210081_UNKNOWN.png,199,719,235,806
210082_G43.png,203,789,288,886
210083_R8.png,226,886,275,968
210084_E34.png,197,966,287,1025
210085_N35.png,196,1032,288,1051
210086_O31.png,199,1053,291,1083
210087_N35.png,196,1082,291,1105
210088_I9.png,196,1103,292,1133
210089_M17.png,259,1134,287,1215
210090_Z11.png,196,1140,262,1221
210091_G43.png,204,1224,279,1314
210092_E34.png,194,1314,281,1372
210093_N35.png,198,1371,290,1392
210094_E34.png,198,1392,287,1447
210095_N35.png,197,1448,286,1467
210096_M17.png,253,1464,283,1544
210097_X1.png,196,1486,249,1524
210098_G43.png,316,51,396,144
210099_X1.png,332,143,384,173
210100_G1.png,307,170,397,253
210101_O34.png,304,252,402,272
210102_D58.png,342,271,395,340
210103_F9.png,321,342,394,410
210104_M17.png,376,410,401,500
210105_G4.png,301,415,381,500
210106_N5.png,337,497,382,538
210107_G43.png,305,533,386,636
210108_UNKNOWN.png,325,636,381,702
210109_E34.png,317,725,379,767
210110_N35.png,315,769,388,785
210111_M17.png,359,785,381,857
210112_S29.png,323,786,353,860
210113_Q3.png,347,896,393,954
210114_M17.png,305,876,339,969
210115_N35.png,300,971,393,999
210116_S29.png,326,996,383,1087
210117_D21.png,295,1088,396,1120
210118_Q7.png,304,1122,389,1201
210119_G17.png,305,1199,395,1294
210120_UNKNOWN.png,323,1292,381,1335
210121_UNKNOWN.png,318,1336,386,1441
210122_G43.png,314,1442,389,1542
210123_I9.png,410,21,502,50
210124_S29.png,444,50,477,136
210125_O50.png,432,132,481,170
210126_D46.png,407,169,499,199
210127_UNKNOWN.png,434,199,483,256
210128_G43.png,413,251,492,352
210129_O1.png,417,354,489,396
210130_D21.png,416,400,492,429
210131_E34.png,427,445,483,486
210132_N35.png,422,487,486,505
210133_M17.png,460,504,480,576
210134_S29.png,424,504,458,577
210135_G17.png,409,597,492,682
210136_O4.png,424,683,482,735
210137_D21.png,409,734,493,761
210138_G43.png,413,762,490,866
210139_N5.png,424,865,483,909
210140_Q3.png,429,911,478,964
210141_N35.png,412,963,493,983
210142_M17.png,467,984,494,1067
210143_W25.png,411,979,469,1071
210144_N35.png,407,1067,496,1091
210145_X1.png,424,1089,481,1114
210146_I9.png,408,1112,496,1141
210147_UNKNOWN.png,405,1139,494,1212
210148_X1.png,407,1186,450,1215
210149_M17.png,459,1209,487,1305
210150_S29.png,418,1213,458,1298
210151_O50.png,427,1301,474,1343
210152_D21.png,406,1344,485,1373
210153_I9.png,407,1374,495,1400
210154_D35.png,407,1398,495,1434
210155_D21.png,412,1427,487,1453
210156_M44.png,464,1461,497,1544
210157_G43.png,404,1455,469,1543
210158_E34.png,524,25,582,70
210159_N35.png,522,69,589,88
210160_M17.png,558,90,581,155
210161_S29.png,528,87,556,155
210162_G17.png,514,177,592,259
210163_Z11.png,542,263,595,341
210164_D56.png,504,260,564,343
210165_G17.png,510,346,591,438
210166_D54.png,515,436,587,493
210167_M17.png,551,493,587,595
210168_M17.png,514,497,552,587
210169_N35.png,504,589,587,613
210170_I9.png,507,613,590,648
210171_G17.png,503,649,587,734
210172_D54.png,524,733,577,792
210173_M17.png,550,785,583,884
210174_M17.png,510,794,545,884
210175_N35.png,504,886,589,905
210176_I9.png,500,904,586,933
210177_E34.png,518,950,574,987
210178_N35.png,511,987,576,1005
210179_M17.png,547,1007,575,1078
210180_S29.png,514,1006,547,1080
210181_Q3.png,540,1110,589,1172
210182_M17.png,507,1102,538,1191
210183_I10.png,504,1182,582,1258
210184_S29.png,531,1217,567,1306
210185_I10.png,503,1296,586,1376
210186_S29.png,526,1339,568,1427
210187_N35.png,503,1430,591,1448
210188_M17.png,557,1446,585,1524
210189_X1.png,502,1462,554,1507
210190_UNKNOWN.png,616,3,674,98
210191_G4.png,608,91,692,176
210192_G17.png,611,175,694,262
210193_V31.png,601,266,700,299
210194_M17.png,652,301,688,391
210195_M17.png,617,304,647,398
210196_E34.png,619,410,676,450
210197_N35.png,614,450,683,469
210198_M17.png,647,470,676,542
210199_S29.png,618,471,650,540
210200_S29.png,658,562,694,662
210201_Aa27.png,605,560,657,664
210202_N35.png,596,661,694,683
210203_I10.png,597,685,694,779
210204_N35.png,616,735,694,759
210205_I9.png,607,760,695,792
210206_N41.png,635,803,690,871
210207_S29.png,605,795,636,895
210208_N35.png,598,899,698,921
210209_I9.png,597,918,698,956
210210_G17.png,607,952,685,1039
210211_V28.png,656,1036,688,1127
210212_X1.png,601,1038,642,1068
210213_UNKNOWN.png,604,1070,651,1131
210214_G1.png,601,1128,691,1207
210215_F29.png,619,1205,676,1277
210216_O4.png,616,1275,674,1332
210217_G43.png,611,1330,677,1422
210218_O1.png,612,1430,683,1484
210219_O1.png,609,1484,682,1543
210220_N35.png,711,0,809,17
210221_W24.png,763,17,801,51
210222_W24.png,719,18,753,53
210223_W24.png,740,51,777,85
210224_S34.png,724,93,788,187
210225_M17.png,776,181,806,280
210226_G43.png,709,183,776,281
210227_N35.png,710,281,804,300
210228_O4.png,725,297,788,352
210229_X1.png,725,350,788,381
210230_UNKNOWN.png,730,385,786,447
210231_E34.png,729,461,790,506
210232_N35.png,721,507,792,527
210233_M17.png,760,525,780,591
210234_S29.png,728,526,757,594
210235_G17.png,705,621,801,713
210236_D4.png,706,712,796,743
210237_X1.png,744,744,799,775
210238_Z1.png,715,745,739,783
210239_I9.png,706,771,802,808
210240_M17.png,774,808,799,891
210241_G43.png,708,807,774,892
210242_G17.png,715,894,796,986
210243_V31.png,706,984,797,1022
210244_X1.png,724,1021,789,1050
210245_E34.png,727,1068,785,1106
210246_N35.png,721,1107,786,1123
210247_M17.png,759,1119,777,1184
210248_S29.png,725,1123,752,1184
210249_G17.png,712,1199,791,1284
210250_D4.png,705,1285,797,1312
210251_X1.png,747,1313,793,1348
210252_Z1.png,713,1314,736,1349
210253_M17.png,769,1347,799,1436
210254_G43.png,710,1348,771,1433
210255_N35.png,705,1435,797,1461
210256_M3.png,707,1462,798,1491
210257_O50.png,749,1498,793,1543
210258_X1.png,706,1501,747,1543
210259_D4.png,816,5,910,48
210260_E23.png,815,44,912,89
210261_G43.png,831,84,906,178
210262_U1.png,820,176,912,256
210263_N17.png,823,257,908,271
210264_D36.png,815,271,913,316
210265_N35.png,817,316,910,338
210266_G25.png,815,333,914,423
210267_Z1.png,839,423,877,464
210268_S34.png,828,469,888,567
210269_M17.png,871,566,904,664
210270_S29.png,818,566,866,666
210271_I10.png,811,666,914,764
210272_E34.png,828,776,895,819
210273_N35.png,825,816,894,837
210274_M17.png,864,836,890,909
210275_S29.png,832,838,858,909
210276_D34.png,819,927,908,989
210277_D58.png,854,993,908,1072
210278_V28.png,814,986,855,1081
210279_N35.png,815,1076,910,1100
210280_T30.png,815,1099,902,1130
210281_I9.png,813,1119,909,1155
210282_UNKNOWN.png,810,1158,905,1224
210283_N35.png,808,1220,910,1240
210284_W24.png,865,1239,907,1275
210285_Z1.png,816,1242,858,1283
210286_O1.png,843,1279,905,1334
210287_M17.png,808,1283,838,1380
210288_D21.png,837,1342,907,1371
210289_E34.png,831,1393,897,1439
210290_N35.png,830,1437,897,1456
210291_M17.png,868,1452,889,1523
210292_S29.png,834,1452,861,1523
210293_N35.png,917,53,1006,77
210294_U7.png,930,75,996,161
210295_D21.png,921,162,1004,190
210296_N37.png,925,189,1012,209
210297_X1.png,935,209,993,241
210298_N35.png,922,238,1008,258
210299_I9.png,925,256,1013,288
210300_D46.png,920,291,1014,321
210301_UNKNOWN.png,922,325,1012,376
210302_G17.png,924,377,1008,461
210303_I10.png,924,468,1012,530
210304_D36.png,922,543,1014,582
210305_X1.png,939,585,992,611
210306_UNKNOWN.png,920,616,1006,658
210307_UNKNOWN.png,925,655,1012,696
210308_UNKNOWN.png,923,703,1000,747
210309_I9.png,918,752,1010,788
210310_M17.png,978,788,1007,881
210311_Z11.png,918,790,976,876
210312_X1.png,933,876,991,910
210313_N37.png,922,910,1007,948
210314_X1.png,965,961,1005,987
210315_UNKNOWN.png,928,946,968,1003
210316_G4.png,921,1001,1000,1086
210317_G43.png,927,1081,1002,1174
210318_O34.png,915,1174,1008,1190
210319_U1.png,954,1196,1007,1269
210320_UNKNOWN.png,920,1193,957,1269
210321_I9.png,921,1269,1009,1295
210322_M17.png,977,1294,1005,1371
210323_Z11.png,920,1293,980,1372
210324_G43.png,932,1371,1003,1457
210325_N35.png,922,1456,1011,1476
210326_W24.png,965,1472,1005,1510
210327_W24.png,925,1473,962,1511
210328_W24.png,433,1299,487,1334
210329_D36.png,1020,0,1125,43
210330_N35.png,1018,42,1125,61
210331_E34.png,1037,75,1109,126
210332_N35.png,1037,122,1111,147
210333_M17.png,1079,140,1103,209
210334_S29.png,1045,145,1076,212
210335_X1.png,1046,230,1102,260
210336_I9.png,1021,256,1127,291
210337_N35.png,1020,293,1129,312
210338_V28.png,1048,309,1093,410
210339_N35.png,1019,405,1124,431
210340_D36.png,1025,431,1127,478
210341_X1.png,1035,474,1099,520
210342_I9.png,1023,514,1127,552
210343_N35.png,1016,566,1125,585
210344_X1.png,1044,588,1112,625
210345_M17.png,1093,640,1127,746
210346_G43.png,1023,645,1089,747
210347_S29.png,1097,761,1125,869
210348_F21.png,1021,765,1081,826
210349_G17.png,1024,838,1106,928
210350_N35.png,1017,926,1132,951
210351_U1.png,1022,947,1115,1022
210352_N17.png,1029,1024,1118,1046
210353_D36.png,1020,1045,1129,1092
210354_U33.png,1078,1091,1115,1185
210355_M17.png,1035,1092,1069,1186
210356_M17.png,1094,1185,1128,1275
210357_G43.png,1023,1185,1093,1276
210358_N37.png,1026,1278,1121,1311
210359_H6.png,1043,1319,1107,1420
210360_G43.png,1028,1423,1116,1531
