220000_D2.png,29,0,97,57,
220001_D21.png,18,56,98,85,
220002_I9.png,15,79,104,114,
220003_UNKNOWN.png,19,114,85,189,
220004_I9.png,16,181,106,218,
220005_G17.png,24,212,103,288,
220006_D36.png,14,284,104,324,
220007_I9.png,13,316,103,350,
220008_D36.png,13,349,102,383,
220009_D58.png,40,381,101,439,
220010_G26.png,19,435,102,513,
220011_UNKNOWN.png,42,508,81,601,
220012_I9.png,13,586,103,623,
220013_G17.png,23,613,94,692,
220014_I10.png,10,685,98,772,
220015_D21.png,28,720,96,749,
220016_X1.png,37,747,92,768,
220017_D46.png,13,768,102,803,
220018_I9.png,14,797,102,831,
220019_N35.png,10,824,102,847,
220020_O4.png,32,842,80,886,
220021_N35.png,14,877,102,898,
220022_M17.png,45,898,75,965,
220023_I9.png,13,947,101,976,
220024_N35.png,8,972,103,994,
220025_I9.png,10,989,104,1022,
220026_UNKNOWN.png,15,1018,99,1055,
220027_D21.png,18,1055,95,1085,
220028_S29.png,34,1082,83,1158,
220029_N35.png,11,1156,101,1175,
220030_W25.png,31,1174,84,1265,
220031_N35.png,5,1269,96,1301,
220032_S29.png,28,1303,80,1388,
220033_N35.png,8,1390,99,1415,
220034_N35.png,7,1412,99,1437,
220035_I9.png,8,1431,97,1465,
220036_I9.png,10,1457,98,1498,
220037_D46.png,7,1495,98,1530,
220038_UNKNOWN.png,17,1527,95,1564,
220039_N35.png,113,0,201,19,
220040_E34.png,125,24,192,71,
220041_N35.png,122,66,190,85,
220042_M17.png,161,87,187,152,
220043_S29.png,133,86,158,152,
220044_M29.png,174,166,201,240,
220045_G1.png,109,163,179,247,
220046_P1.png,107,245,201,285,
220047_I9.png,109,281,200,315,
220048_M17.png,180,307,203,398,
220049_G17.png,112,312,181,393,
220050_M17.png,144,388,172,463,
220051_D21.png,117,462,192,489,
220052_G25.png,110,483,200,556,
220053_O50.png,159,553,199,592,
220054_X1.png,114,562,157,585,
220055_N19.png,111,587,197,607,
220056_O50.png,134,605,185,641,
220057_D21.png,113,640,195,667,
220058_N5.png,134,665,182,701,
220059_D46.png,109,701,203,736,
220060_UNKNOWN.png,110,730,201,750,
220061_N5.png,132,752,180,787,
220062_D28.png,116,787,198,847,
220063_W24.png,139,809,171,841,
220064_N18.png,112,839,194,863,
220065_N18.png,111,861,195,881,
220066_Q3.png,157,881,198,929,
220067_X1.png,110,894,161,923,
220068_N1.png,105,925,198,948,
220069_N35.png,107,949,201,969,
220070_E34.png,121,982,191,1032,
220071_N35.png,115,1029,189,1048,
220072_M17.png,160,1046,186,1109,
220073_S29.png,128,1047,150,1108,
220074_M29.png,171,1119,199,1193,
220075_G1.png,106,1122,175,1196,
220076_P1.png,105,1197,201,1244,
220077_I9.png,110,1243,196,1271,
220078_M17.png,177,1273,203,1343,
220079_G17.png,111,1277,178,1348,
220080_O50.png,121,1348,180,1394,
220081_D21.png,111,1390,188,1420,
220082_G5.png,108,1419,193,1505,
220083_G29.png,108,1501,192,1585,
220084_Q3.png,258,9,297,56,
220085_X1.png,210,14,258,53,
220086_N1.png,205,54,297,82,
220087_S29.png,258,82,294,169,
220088_M17.png,218,84,252,164,
220089_D36.png,206,161,295,203,
220090_UNKNOWN.png,211,201,291,254,
220091_S29.png,228,253,277,337,
220092_N35.png,205,339,298,362,
220093_E34.png,217,377,286,416,
220094_N35.png,220,415,285,434,
220095_M17.png,256,433,279,496,
220096_S29.png,228,433,252,498,
220097_N35.png,206,510,297,532,
220098_N5.png,224,531,287,576,
220099_M195.png,276,590,296,671,
220100_I10.png,203,595,283,680,
220101_D46.png,208,665,293,694,
220102_O34.png,203,694,295,714,
220103_O50.png,230,708,279,744,
220104_D28.png,213,745,288,802,
220105_W24.png,237,767,265,797,
220106_N18.png,214,796,291,818,
220107_N18.png,211,814,290,837,
220108_Q3.png,255,838,291,881,
220109_X1.png,208,846,256,878,
220110_N1.png,208,878,293,903,
220111_N35.png,209,902,293,926,
220112_N5.png,224,921,280,964,
220113_M29.png,269,956,294,1027,
220114_G1.png,210,962,273,1032,
220115_P1.png,203,1030,295,1076,
220116_I9.png,207,1067,294,1098,
220117_M17.png,270,1093,293,1169,
220118_G17.png,213,1098,274,1176,
220119_M17.png,229,1176,266,1257,
220120_D21.png,212,1260,290,1293,
220121_G29.png,207,1294,289,1367,
220122_O50.png,253,1365,288,1402,
220123_X1.png,205,1369,248,1400,
220124_N18.png,204,1399,292,1423,
220125_D46.png,204,1425,286,1461,
220126_O34.png,206,1459,292,1486,
220127_O50.png,227,1486,267,1523,
220128_D28.png,209,1520,287,1588,
220129_W24.png,226,1554,269,1597,
220130_G17.png,307,5,389,92,
220131_S29.png,370,91,393,172,
220132_G17.png,302,92,372,173,
220133_V31.png,305,173,390,205,
220134_X1.png,344,199,387,225,
220135_X1.png,301,204,349,229,
220136_P98.png,300,228,394,296,
220137_M17.png,357,292,389,373,
220138_W25.png,307,296,356,375,
220139_N35.png,303,371,389,397,
220140_E34.png,320,405,378,450,
220141_N35.png,318,448,383,465,
220142_M17.png,354,466,375,529,
220143_S29.png,323,464,350,525,
220144_UNKNOWN.png,304,545,387,597,
220145_N35.png,302,591,390,612,
220146_M17.png,367,608,391,683,
220147_G17.png,307,614,368,692,
220148_S29.png,329,688,366,769,
220149_S29.png,364,769,390,847,
220150_G1.png,304,769,372,853,
220151_N37.png,303,847,379,871,
220152_N35.png,299,870,387,888,
220153_I9.png,300,887,388,914,
220154_M17.png,367,903,389,983,
220155_D36.png,297,913,371,941,
220156_D21.png,305,941,368,964,
220157_X1.png,317,961,364,979,
220158_UNKNOWN.png,302,979,389,1066,
220159_G17.png,305,1060,384,1146,
220160_UNKNOWN.png,363,1145,388,1227,
220161_G17.png,300,1149,368,1223,
220162_D36.png,297,1224,388,1259,
220163_UNKNOWN.png,299,1258,388,1281,
220164_P98.png,297,1285,386,1344,
220165_M17.png,355,1341,383,1422,
220166_W25.png,304,1344,356,1423,
220167_N35.png,297,1423,384,1447,
220168_E34.png,317,1453,375,1497,
220169_N35.png,314,1495,376,1512,
220170_M17.png,352,1509,372,1568,
220171_S29.png,321,1508,344,1572,
220172_O4.png,417,2,475,58,
220173_G17.png,407,59,485,138,
220174_X1.png,419,136,471,162,
220175_N29.png,449,160,487,207,
220176_V6.png,403,163,438,211,
220177_X6.png,415,199,464,236,
220178_I9.png,396,232,486,262,
220179_D2.png,415,264,478,321,
220180_G17.png,404,317,485,404,
220181_F26.png,395,402,484,461,
220182_N35.png,400,452,486,478,
220183_X1.png,424,474,463,494,
220184_P1.png,395,497,487,537,
220185_G36.png,400,538,483,603,
220186_D21.png,403,600,479,634,
220187_X1.png,423,631,469,652,
220188_D35.png,398,650,484,692,
220189_O50.png,422,686,470,717,
220190_S29.png,448,719,479,803,
220191_W14.png,403,715,447,813,
220192_I9.png,393,802,489,838,
220193_N35.png,393,834,485,853,
220194_I9.png,397,848,485,880,
220195_M23.png,452,868,489,954,
220196_G43.png,398,872,466,957,
220197_G17.png,408,955,483,1033,
220198_UNKNOWN.png,413,1026,468,1134,
220199_G36.png,396,1134,480,1201,
220200_G36.png,398,1199,481,1261,
220201_G36.png,396,1261,480,1325,
220202_D2.png,405,1321,473,1386,
220203_F31.png,403,1381,469,1467,
220204_N29.png,440,1464,481,1514,
220205_X1.png,397,1478,445,1510,
220206_N25.png,397,1513,480,1562,
220207_N31.png,392,1558,482,1598,
220208_G17.png,493,7,581,94,
220209_E34.png,508,110,568,150,
220210_N35.png,501,148,576,165,
220211_M17.png,542,162,566,231,
220212_S29.png,515,166,536,230,
220213_M18.png,538,248,581,338,
220214_M17.png,504,251,534,347,
220215_G17.png,499,340,582,432,
220216_E34.png,509,445,570,484,
220217_N35.png,504,482,572,500,
220218_M17.png,541,500,568,565,
220219_S29.png,514,499,538,567,
220220_M18.png,541,575,580,675,
220221_M17.png,496,579,534,671,
220222_G17.png,498,677,581,757,
220223_V31.png,496,754,578,792,
220224_E34.png,508,807,570,851,
220225_N35.png,504,844,571,866,
220226_M17.png,542,865,568,929,
220227_S29.png,514,862,543,932,
220228_O1.png,502,941,574,987,
220229_D21.png,495,983,576,1012,
220230_D35.png,494,1010,582,1047,
220231_D54.png,503,1043,567,1098,
220232_G43.png,504,1097,569,1190,
220233_N35.png,493,1187,584,1214,
220234_M17.png,545,1220,572,1300,
220235_S29.png,501,1215,529,1301,
220236_E34.png,500,1314,568,1363,
220237_N35.png,501,1359,571,1377,
220238_M17.png,543,1372,565,1435,
220239_S29.png,508,1376,536,1434,
220240_I10.png,491,1443,579,1526,
220241_S29.png,524,1475,554,1554,
220242_I9.png,490,1549,580,1582,
220243_D21.png,593,5,672,39,
220244_S29.png,645,39,676,121,
220245_T14.png,591,42,629,133,
220246_G43.png,593,124,670,211,
220247_U28.png,609,206,665,286,
220248_G17.png,596,281,673,365,
220249_D35.png,589,359,677,400,
220250_O50.png,616,393,659,427,
220251_D35.png,590,424,678,461,
220252_G17.png,593,459,671,543,
220253_E34.png,600,559,663,599,
220254_N35.png,599,597,663,614,
220255_M17.png,635,608,660,677,
220256_S29.png,610,611,632,680,
220257_D28.png,606,695,670,748,
220258_D52.png,590,750,671,791,
220259_E1.png,587,773,674,845,
220260_Q3.png,638,844,676,889,
220261_X1.png,593,850,638,882,
220262_N1.png,589,885,675,915,
220263_S29.png,614,912,654,991,
220264_V13.png,590,986,674,1021,
220265_V13.png,589,1017,674,1055,
220266_G43.png,591,1058,671,1157,
220267_M17.png,618,1159,655,1239,
220268_D21.png,593,1235,664,1266,
220269_O50.png,600,1265,656,1304,
220270_X1.png,601,1306,653,1336,
220271_M23.png,598,1333,658,1424,
220272_G43.png,589,1416,669,1505,
220273_S29.png,612,1506,653,1581,
220274_I10.png,683,3,771,96,
220275_D46.png,693,59,769,85,
220276_M17.png,713,83,749,169,
220277_D21.png,690,170,764,197,
220278_V31.png,686,193,768,235,
220279_N29.png,714,236,761,281,
220280_S29.png,730,276,765,367,
220281_UNKNOWN.png,691,277,730,365,
220282_N35.png,682,358,770,383,
220283_G17.png,685,380,764,470,
220284_D35.png,683,462,774,501,
220285_O50.png,712,491,753,527,
220286_D35.png,684,523,773,558,
220287_G17.png,691,557,768,639,
220288_E34.png,697,661,757,704,
220289_N35.png,693,703,759,719,
220290_M17.png,731,716,758,783,
220291_S29.png,703,719,729,782,
220292_Z11.png,693,795,767,888,
220293_D46.png,686,876,770,913,
220294_G1.png,682,911,773,988,
220295_X1.png,704,982,757,1008,
220296_N14.png,695,1005,764,1064,
220297_S29.png,702,1065,748,1144,
220298_V13.png,682,1138,770,1172,
220299_V13.png,681,1168,769,1201,
220300_G43.png,688,1202,764,1292,
220301_M17.png,706,1290,747,1370,
220302_D21.png,683,1370,765,1398,
220303_O50.png,703,1398,749,1432,
220304_X1.png,696,1432,757,1463,
220305_M23.png,693,1461,754,1541,
220306_E34.png,793,16,851,57,
220307_N35.png,789,53,850,74,
220308_M17.png,828,64,848,136,
220309_S29.png,797,70,822,133,
220310_UNKNOWN.png,778,150,863,294,
220311_I10.png,777,292,867,380,
220312_D46.png,790,339,865,370,
220313_M17.png,816,368,844,453,
220314_D21.png,786,450,859,480,
220315_V31.png,782,479,865,512,
220316_R4.png,784,513,868,560,
220317_X1.png,804,556,852,585,
220318_Q3.png,802,581,852,631,
220319_T21.png,782,630,865,673,
220320_D36.png,779,670,865,698,
220321_G17.png,780,702,861,779,
220322_D35.png,775,778,868,813,
220323_O50.png,806,808,849,843,
220324_D35.png,779,842,865,874,
220325_G17.png,787,874,863,949,
220326_E34.png,792,962,857,1006,
220327_N35.png,789,1005,856,1022,
220328_M17.png,827,1020,851,1084,
220329_S29.png,796,1020,825,1084,
220330_G5.png,779,1101,863,1182,
220331_S29.png,833,1181,858,1262,
220332_M44.png,793,1183,823,1260,
220333_Q3.png,803,1259,849,1304,
220334_D46.png,778,1299,862,1334,
220335_S29.png,811,1327,835,1408,
220336_V13.png,785,1408,862,1438,
220337_V13.png,784,1441,863,1471,
220338_G43.png,788,1471,857,1557,
220339_G17.png,877,0,959,82,
220340_D35.png,872,80,960,120,
220341_O50.png,898,112,937,139,
220342_D35.png,878,142,958,180,
220343_G17.png,878,177,956,262,
220344_E34.png,889,284,950,322,
220345_N35.png,885,319,948,338,
220346_M17.png,923,332,945,394,
220347_S29.png,895,335,920,394,
220348_N5.png,903,411,943,446,
220349_I10.png,873,439,962,514,
220350_D46.png,887,476,961,505,
220351_M17.png,906,504,940,581,
220352_D21.png,881,576,949,600,
220353_V31.png,876,599,956,631,
220354_O29.png,875,629,963,648,
220355_D36.png,876,647,958,679,
220356_G1.png,876,678,960,756,
220357_V28.png,937,745,962,826,
220358_X1.png,880,749,927,779,
220359_U15.png,873,783,942,817,
220360_G39.png,874,824,960,899,
220361_V30.png,886,895,960,929,
220362_X1.png,893,927,951,959,
220363_U15.png,873,960,963,991,
220364_G17.png,881,992,961,1078,
220365_G17.png,881,1071,961,1154,
220366_D35.png,874,1154,962,1191,
220367_O50.png,893,1185,944,1224,
220368_D35.png,873,1224,964,1257,
220369_G17.png,879,1260,958,1345,
220370_E34.png,887,1360,951,1399,
220371_N35.png,887,1399,950,1415,
220372_M17.png,921,1417,946,1481,
220373_S29.png,890,1417,915,1482,
220374_S29.png,994,1,1022,78,
220375_V13.png,970,73,1050,108,
220376_V13.png,973,106,1054,133,
220377_G43.png,982,136,1049,221,
220378_D21.png,970,219,1041,248,
220379_O50.png,983,246,1038,288,
220380_X1.png,983,286,1037,318,
220381_M23.png,987,313,1040,394,
220382_G43.png,980,391,1052,483,
220383_S29.png,989,486,1033,565,
220384_V13.png,971,558,1056,599,
220385_M23.png,986,602,1044,690,
220386_G43.png,981,692,1054,780,
220387_D21.png,974,786,1055,808,
220388_O50.png,993,814,1034,853,
220389_V13.png,972,850,1058,881,
220390_G43.png,977,887,1055,986,
220391_S29.png,994,986,1036,1075,
220392_V13.png,973,1069,1057,1106,
220393_M23.png,983,1108,1050,1189,
220394_G43.png,979,1193,1051,1280,
220395_D21.png,976,1283,1054,1307,
220396_O50.png,995,1311,1040,1350,
220397_V13.png,973,1350,1064,1386,
220398_G43.png,982,1388,1054,1477,
220399_G17.png,978,1478,1055,1560,
220400_D35.png,974,1558,1062,1594,
220401_D21.png,1068,2,1140,26,
220402_Y5.png,1059,28,1148,62,
220403_N35.png,1065,62,1150,79,
220404_UNKNOWN.png,1066,83,1150,112,
220405_UNKNOWN.png,1063,114,1152,142,
220406_UNKNOWN.png,1061,138,1147,165,
220407_S29.png,1094,166,1123,249,
220408_N35.png,1061,246,1151,268,
220409_D36.png,1061,271,1151,303,
220410_UNKNOWN.png,1090,304,1122,382,
220411_D36.png,1064,366,1155,399,
220412_E34.png,1081,422,1138,460,
220413_N35.png,1076,463,1142,475,
220414_M17.png,1117,474,1139,542,
220415_S29.png,1086,480,1115,542,
220416_D2.png,1085,558,1144,623,
220417_UNKNOWN.png,1067,617,1153,649,
220418_UNKNOWN.png,1081,649,1141,769,
220419_U33.png,1117,765,1152,855,
220420_M17.png,1077,768,1110,859,
220421_N35.png,1068,866,1158,888,
220422_Y5.png,1071,887,1155,922,
220423_N35.png,1069,927,1157,949,
220424_G43.png,1074,950,1151,1041,
220425_V28.png,1128,1044,1160,1133,
220426_G43.png,1072,1047,1131,1134,
220427_X1.png,1087,1133,1144,1160,
220428_N1.png,1072,1160,1156,1188,
220429_M17.png,1130,1181,1153,1268,
220430_W25.png,1079,1188,1126,1264,
220431_N35.png,1070,1269,1158,1285,
220432_N35.png,1068,1287,1160,1303,
220433_I9.png,1073,1308,1156,1341,
220434_M17.png,1098,1336,1129,1434,
220435_D36.png,1072,1424,1160,1461,
220436_X1.png,1090,1458,1143,1481,
220437_N31.png,1073,1482,1157,1525,
220438_N35.png,1072,1527,1160,1547,
