230000_N35.png,6,45,89,65,
230001_N35.png,4,66,91,83,
230002_I9.png,3,82,88,114,
230003_I9.png,5,112,90,145,
230004_D46.png,8,146,89,178,
230005_Z1.png,16,178,39,215,
230006_Z1.png,32,177,55,216,
230007_Z1.png,50,178,72,211,
230008_Z1.png,66,181,86,212,
230009_M17.png,57,211,88,290,
230010_Q3.png,9,225,63,280,
230011_G43.png,20,292,87,388,
230012_G25.png,8,388,91,459,
230013_G25.png,15,461,89,538,
230014_G25.png,15,540,92,617,
230015_S29.png,35,627,81,712,
230016_G17.png,18,708,91,802,
230017_M23.png,31,793,75,874,
230018_G43.png,16,874,83,956,
230019_W18.png,10,963,90,1031,
230020_X1.png,26,1029,71,1056,
230021_G17.png,12,1057,87,1130,
230022_V28.png,34,1135,80,1221,
230023_N35.png,12,1219,93,1248,
230024_O34.png,12,1252,93,1273,
230025_V31.png,17,1273,88,1314,
230026_D156.png,50,1316,85,1387,
230027_D156.png,17,1321,52,1390,
230028_D156.png,34,1384,70,1450,
230029_G4.png,17,1452,85,1520,
230030_Z1.png,49,1516,69,1554,
230031_O50.png,114,3,165,47,
230032_D21.png,95,43,175,75,
230033_G5.png,99,73,177,158,
230034_G25.png,100,154,183,231,
230035_O50.png,140,231,179,272,
230036_X1.png,99,239,144,266,
230037_N18.png,101,270,185,293,
230038_M4.png,141,291,185,376,
230039_UNKNOWN.png,106,296,145,376,
230040_O50.png,119,375,165,413,
230041_D21.png,98,410,180,445,
230042_N5.png,120,444,171,486,
230043_F35.png,122,487,164,572,
230044_I9.png,105,566,187,596,
230045_D21.png,105,593,178,620,
230046_N35.png,101,618,189,641,
230047_N35.png,101,639,188,661,
230048_E34.png,112,675,177,712,
230049_N35.png,112,711,175,725,
230050_M17.png,147,727,170,785,
230051_S29.png,120,729,141,784,
230052_V28.png,117,796,161,880,
230053_N35.png,98,874,186,899,
230054_D36.png,98,898,183,937,
230055_D28.png,107,933,178,982,
230056_I9.png,99,979,183,1010,
230057_S34.png,118,1006,173,1078,
230058_E34.png,114,1098,172,1134,
230059_N35.png,112,1131,174,1150,
230060_M17.png,150,1147,172,1205,
230061_S29.png,121,1150,145,1207,
230062_V28.png,127,1216,160,1295,
230063_N35.png,101,1293,185,1316,
230064_D36.png,104,1315,186,1346,
230065_D28.png,115,1347,172,1398,
230066_I9.png,102,1396,188,1424,
230067_G26.png,104,1422,185,1494,
230068_F9.png,155,1494,188,1553,
230069_UNKNOWN.png,102,1497,156,1558,
230070_O50.png,235,22,272,51,
230071_X1.png,191,22,230,50,
230072_N18.png,192,50,274,75,
230073_D46.png,192,83,271,114,
230074_O34.png,192,109,275,136,
230075_O50.png,210,136,255,171,
230076_D28.png,192,175,273,228,
230077_W24.png,216,212,251,249,
230078_N18.png,195,249,272,265,
230079_N18.png,195,265,274,282,
230080_Q3.png,235,280,271,324,
230081_X1.png,195,291,237,325,
230082_N1.png,197,326,275,357,
230083_N35.png,194,355,279,384,
230084_G5.png,196,378,278,460,
230085_G25.png,195,457,279,533,
230086_O50.png,242,533,276,572,
230087_X1.png,196,537,238,569,
230088_N18.png,198,568,275,592,
230089_U33.png,241,590,276,663,
230090_M17.png,202,592,233,669,
230091_U28.png,257,661,282,742,
230092_G4.png,197,668,263,743,
230093_P1.png,197,744,280,786,
230094_G5.png,195,787,282,869,
230095_G25.png,196,863,280,931,
230096_O50.png,241,933,280,966,
230097_X1.png,198,940,240,968,
230098_N18.png,198,965,277,986,
230099_U33.png,244,988,276,1069,
230100_M17.png,208,996,237,1072,
230101_M17.png,256,1067,282,1146,
230102_G17.png,197,1072,262,1148,
230103_O50.png,217,1144,267,1183,
230104_D21.png,197,1182,275,1209,
230105_N5.png,211,1209,269,1248,
230106_D46.png,198,1244,279,1276,
230107_O34.png,199,1275,278,1295,
230108_O50.png,219,1291,262,1325,
230109_D28.png,205,1323,275,1384,
230110_W24.png,220,1355,260,1394,
230111_N18.png,200,1391,276,1415,
230112_N18.png,198,1417,276,1435,
230113_Q3.png,218,1442,263,1493,
230114_X1.png,207,1503,270,1531,
230115_W25.png,292,0,337,76,
230116_M17.png,340,0,365,72,
230117_N35.png,282,73,365,97,
230118_E34.png,298,106,358,146,
230119_N35.png,296,145,357,164,
230120_M17.png,336,161,354,217,
230121_S29.png,304,163,325,219,
230122_Q3.png,306,234,347,275,
230123_N35.png,284,272,368,303,
230124_N29.png,332,299,365,345,
230125_UNKNOWN.png,290,301,333,350,
230126_UNKNOWN.png,288,351,364,393,
230127_S29.png,315,390,343,463,
230128_G17.png,293,463,368,537,
230129_D52.png,296,538,369,567,
230130_D21.png,296,564,366,588,
230131_H6.png,329,588,356,645,
230132_H6.png,301,590,335,645,
230133_N35.png,288,643,370,664,
230134_M23.png,300,662,354,732,
230135_G43.png,292,737,369,819,
230136_V28.png,336,819,367,901,
230137_M3.png,294,821,332,901,
230138_N35.png,287,902,369,921,
230139_G17.png,296,923,357,994,
230140_G17.png,294,997,355,1069,
230141_X1.png,306,1066,355,1095,
230142_UNKNOWN.png,310,1098,357,1155,
230143_F30.png,292,1157,373,1202,
230144_D46.png,293,1196,373,1223,
230145_N35.png,291,1227,371,1244,
230146_M23.png,316,1242,348,1304,
230147_G43.png,296,1302,365,1382,
230148_N37.png,294,1383,368,1408,
230149_N35.png,290,1411,371,1429,
230150_V7.png,336,1426,371,1492,
230151_M17.png,299,1428,325,1502,
230152_X1.png,308,1490,358,1516,
230153_F31.png,387,38,446,119,
230154_N29.png,424,123,456,163,
230155_X1.png,380,137,424,164,
230156_N25.png,380,167,459,210,
230157_N31.png,378,207,464,253,
230158_S29.png,428,251,458,335,
230159_V28.png,386,250,420,333,
230160_D46.png,379,334,462,362,
230161_F18.png,383,358,465,387,
230162_N1.png,379,385,463,408,
230163_G17.png,382,405,457,488,
230164_V31.png,382,487,460,516,
230165_M17.png,405,513,443,593,
230166_D21.png,384,592,464,619,
230167_V31.png,379,619,463,655,
230168_Q3.png,422,652,460,704,
230169_V28.png,391,647,417,720,
230170_D54.png,389,717,460,769,
230171_N35.png,382,771,467,784,
230172_E34.png,395,795,456,828,
230173_N35.png,394,831,454,846,
230174_M17.png,428,848,448,908,
230175_S29.png,401,848,423,908,
230176_N29.png,437,937,466,973,
230177_G1.png,383,917,446,992,
230178_G43.png,390,989,461,1079,
230179_G43.png,381,1081,467,1161,
230180_Q3.png,430,1162,463,1206,
230181_X1.png,385,1172,425,1203,
230182_N1.png,384,1207,472,1227,
230183_U1.png,396,1227,466,1278,
230184_D4.png,385,1279,469,1308,
230185_G1.png,388,1305,464,1383,
230186_N35.png,389,1383,469,1403,
230187_I9.png,387,1405,474,1434,
230188_I10.png,388,1436,472,1512,
230189_X1.png,410,1465,459,1494,
230190_Z1.png,423,1499,448,1539,
230191_N35.png,485,8,546,28,
230192_M17.png,522,29,542,85,
230193_S29.png,492,28,514,86,
230194_I10.png,475,96,558,171,
230195_S29.png,500,131,538,202,
230196_I9.png,474,199,560,230,
230197_M17.png,527,231,559,307,
230198_W25.png,478,229,527,306,
230199_N35.png,477,307,560,327,
230200_F13.png,472,326,559,377,
230201_Q3.png,519,375,559,417,
230202_X1.png,475,386,516,417,
230203_Y2.png,475,417,564,451,
230204_M18.png,504,449,542,532,
230205_X1.png,495,527,540,556,
230206_D21.png,481,558,558,585,
230207_I9.png,476,582,564,613,
230208_S29.png,535,610,563,689,
230209_V4.png,482,614,541,687,
230210_N31.png,480,686,560,726,
230211_N35.png,476,722,558,745,
230212_E34.png,496,756,553,795,
230213_N35.png,489,800,555,814,
230214_M17.png,525,811,548,873,
230215_S29.png,498,814,522,876,
230216_D2.png,494,886,545,934,
230217_O1.png,490,933,549,981,
230218_UNKNOWN.png,495,979,545,1031,
230219_I9.png,476,1028,566,1054,
230220_N35.png,480,1057,564,1071,
230221_O4.png,499,1072,556,1118,
230222_N35.png,481,1119,561,1134,
230223_M23.png,503,1136,539,1206,
230224_G43.png,494,1205,561,1289,
230225_F9.png,495,1287,551,1354,
230226_N37.png,485,1354,567,1385,
230227_Z1.png,518,1382,537,1413,
230228_G36.png,482,1400,569,1465,
230229_D35.png,485,1464,570,1497,
230230_N24.png,488,1496,568,1526,
230231_Q3.png,510,1526,544,1563,
230232_G43.png,580,68,648,157,
230233_S29.png,594,155,636,228,
230234_V13.png,571,226,654,260,
230235_M23.png,588,259,642,334,
230236_G43.png,580,335,648,422,
230237_D21.png,573,420,654,446,
230238_O50.png,591,448,633,484,
230239_V13.png,572,484,655,516,
230240_G43.png,579,519,653,605,
230241_G17.png,577,602,651,673,
230242_D35.png,574,671,655,702,
230243_O50.png,594,694,639,727,
230244_D35.png,576,727,658,765,
230245_G17.png,579,765,656,839,
230246_E34.png,587,855,647,895,
230247_N35.png,586,892,649,909,
230248_M17.png,625,908,644,966,
230249_S29.png,593,909,617,968,
230250_D28.png,584,982,649,1030,
230251_UNKNOWN.png,575,1027,653,1051,
230252_UNKNOWN.png,578,1053,659,1111,
230253_Q3.png,623,1110,661,1152,
230254_X1.png,575,1121,622,1148,
230255_N1.png,577,1148,659,1176,
230256_I10.png,579,1170,664,1251,
230257_D46.png,584,1219,665,1249,
230258_M17.png,609,1247,639,1318,
230259_D21.png,583,1318,654,1346,
230260_V31.png,581,1349,666,1383,
230261_N35.png,579,1381,664,1401,
230262_O50.png,602,1399,645,1431,
230263_O50.png,600,1432,641,1469,
230264_Q3.png,604,1469,642,1533,
230265_N35.png,582,1533,669,1557,
230266_D21.png,667,15,745,50,
230267_O50.png,681,46,735,81,
230268_X1.png,676,82,737,113,
230269_M23.png,684,107,731,186,
230270_G43.png,673,185,736,271,
230271_S29.png,691,273,728,348,
230272_V13.png,665,343,754,381,
230273_M23.png,688,377,730,454,
230274_G43.png,677,448,752,533,
230275_D21.png,674,534,746,561,
230276_O50.png,692,561,730,588,
230277_V13.png,671,584,755,619,
230278_G43.png,679,625,743,717,
230279_G17.png,675,718,753,801,
230280_D35.png,670,800,758,830,
230281_O50.png,691,829,739,861,
230282_D35.png,672,864,754,896,
230283_G17.png,675,897,747,972,
230284_E34.png,681,985,747,1022,
230285_N35.png,679,1022,749,1035,
230286_M17.png,724,1037,746,1102,
230287_S29.png,694,1040,713,1104,
230288_Z11.png,679,1116,748,1194,
230289_D46.png,676,1193,756,1226,
230290_X1.png,727,1253,762,1281,
230291_G5.png,675,1224,752,1301,
230292_N14.png,689,1297,750,1353,
230293_I10.png,676,1347,760,1424,
230294_D46.png,683,1393,761,1425,
230295_M17.png,710,1420,735,1505,
230296_D21.png,680,1506,757,1532,
230297_V31.png,680,1534,765,1563,
230298_V13.png,762,57,839,89,
230299_V13.png,766,86,839,122,
230300_G43.png,766,118,839,202,
230301_M17.png,788,206,821,276,
230302_D21.png,766,280,841,301,
230303_O50.png,780,301,826,337,
230304_X1.png,782,336,828,365,
230305_M23.png,781,361,834,444,
230306_G43.png,770,439,839,532,
230307_S29.png,793,533,826,618,
230308_V13.png,767,614,847,645,
230309_M23.png,784,648,829,730,
230310_G43.png,772,728,840,817,
230311_D21.png,768,820,842,844,
230312_O50.png,781,847,831,882,
230313_V13.png,767,881,846,915,
230314_G43.png,769,916,842,1005,
230315_G17.png,771,1003,848,1084,
230316_D35.png,767,1084,851,1112,
230317_O50.png,794,1108,827,1139,
230318_D35.png,766,1138,851,1173,
230319_G17.png,778,1169,840,1242,
230320_E34.png,783,1251,841,1289,
230321_N35.png,780,1286,843,1306,
230322_M17.png,818,1302,840,1368,
230323_S29.png,790,1306,811,1366,
230324_G5.png,771,1379,855,1464,
230325_S29.png,833,1462,858,1541,
230326_Q3.png,795,1468,830,1527,
230327_M44.png,775,1459,791,1544,
230328_E34.png,866,8,927,48,
230329_N35.png,864,43,928,64,
230330_M17.png,905,65,924,134,
230331_S29.png,872,64,896,130,
230332_UNKNOWN.png,854,146,943,263,
230333_S29.png,873,267,918,351,
230334_V13.png,855,347,946,383,
230335_V13.png,852,384,944,418,
230336_G43.png,861,422,938,514,
230337_D21.png,851,513,918,547,
230338_M17.png,917,513,942,613,
230339_O50.png,860,560,911,603,
230340_X1.png,883,598,926,630,
230341_M23.png,876,628,927,717,
230342_G43.png,867,718,936,812,
230343_S29.png,886,814,920,894,
230344_V13.png,853,891,948,925,
230345_M23.png,881,927,924,1007,
230346_G43.png,867,1005,932,1095,
230347_M17.png,892,1096,934,1178,
230348_D21.png,862,1175,944,1206,
230349_O50.png,879,1202,930,1235,
230350_V13.png,866,1235,957,1267,
230351_G43.png,874,1262,945,1358,
230352_G17.png,878,1357,949,1433,
230353_O50.png,893,1428,943,1466,
230354_D35.png,872,1463,949,1493,
230355_G17.png,878,1489,954,1563,
230356_V13.png,952,0,1031,34,
230357_G43.png,961,39,1022,123,
230358_G17.png,951,123,1028,208,
230359_D35.png,952,202,1039,238,
230360_O50.png,973,236,1013,268,
230361_D35.png,950,264,1039,308,
230362_G17.png,960,304,1034,391,
230363_E34.png,966,405,1033,445,
230364_N35.png,965,444,1033,458,
230365_M17.png,1008,459,1029,524,
230366_S29.png,974,459,999,526,
230367_N5.png,975,540,1024,578,
230368_S29.png,986,583,1017,664,
230369_V13.png,960,660,1043,697,
230370_V13.png,952,695,1040,731,
230371_G43.png,965,732,1041,818,
230372_M17.png,1020,822,1047,915,
230373_D21.png,959,822,1023,847,
230374_O50.png,966,849,1020,887,
230375_X1.png,973,886,1019,915,
230376_M23.png,981,919,1025,994,
230377_G43.png,970,996,1043,1085,
230378_S29.png,983,1084,1021,1156,
230379_V13.png,965,1153,1050,1185,
230380_M23.png,982,1183,1027,1259,
230381_G43.png,973,1258,1039,1352,
230382_D21.png,966,1350,1034,1379,
230383_M17.png,1033,1352,1055,1424,
230384_O50.png,984,1383,1024,1419,
230385_V13.png,966,1424,1050,1460,
230386_G43.png,976,1465,1045,1556,
230387_M17.png,1080,0,1108,73,
230388_D36.png,1049,70,1132,106,
230389_X1.png,1071,103,1117,130,
230390_N31.png,1047,130,1134,171,
230391_N35.png,1048,169,1138,191,
230392_V28.png,1072,189,1117,280,
230393_D21.png,1057,276,1133,312,
230394_X1.png,1072,311,1123,337,
230395_N31.png,1055,335,1137,377,
230396_E34.png,1069,395,1129,441,
230397_N35.png,1065,439,1133,455,
230398_M17.png,1103,454,1126,520,
230399_S29.png,1072,455,1097,524,
230400_Q3.png,1097,548,1138,601,
230401_M17.png,1059,533,1093,620,
230402_D4.png,1056,613,1138,650,
230403_G43.png,1061,651,1136,746,
230404_F13.png,1056,742,1141,800,
230405_Q3.png,1074,802,1126,847,
230406_X1.png,1073,844,1128,875,
230407_N35.png,1053,868,1145,893,
230408_N37.png,1057,890,1145,920,
230409_N35.png,1057,920,1146,942,
230410_E9.png,1056,945,1143,994,
230411_UNKNOWN.png,1051,993,1146,1012,
230412_UNKNOWN.png,1122,1011,1147,1091,
230413_I10.png,1057,1013,1130,1086,
230414_G17.png,1058,1055,1130,1133,
230415_D35.png,1056,1134,1148,1162,
230416_O50.png,1082,1161,1117,1193,
230417_D35.png,1061,1191,1147,1217,
230418_G17.png,1067,1218,1141,1292,
230419_E34.png,1076,1307,1135,1347,
230420_N35.png,1073,1344,1139,1361,
230421_M17.png,1113,1363,1135,1430,
230422_S29.png,1084,1363,1107,1434,
230423_R8.png,1078,1457,1133,1546,
