030000_S29.png,71,27,105,104,
030001_D58.png,19,35,69,109,
030002_N37.png,17,112,104,140,
030003_Q3.png,66,140,106,187,
030004_X1.png,22,149,70,185,
030005_N1.png,18,185,104,214,
030006_S34.png,22,212,103,298,
030007_N35.png,16,297,105,316,
030008_O50.png,42,312,88,347,
030009_S29.png,74,349,105,426,
030010_M44.png,24,357,63,429,
030011_D46.png,14,427,101,454,
030012_N14.png,33,457,102,507,
030013_N35.png,17,507,107,526,
030014_E34.png,34,537,91,568,
030015_N35.png,31,566,91,580,
030016_M17.png,63,580,84,642,
030017_S29.png,38,580,59,643,
030018_M17.png,72,651,96,734,
030019_S29.png,24,653,56,737,
030020_S34.png,35,736,90,819,
030021_N35.png,18,819,100,836,
030022_O50.png,33,834,86,874,
030023_G39.png,17,871,105,941,
030024_S29.png,66,943,97,1028,
030025_M44.png,27,945,53,1025,
030026_D46.png,18,1024,104,1051,
030027_X1.png,37,1052,88,1075,
030028_N14.png,22,1078,97,1147,
030029_G43.png,31,1150,88,1231,
030030_D36.png,7,1226,103,1261,
030031_UNKNOWN.png,34,1257,94,1321,
030032_D58.png,36,1275,91,1346,
030033_N35.png,23,1346,101,1363,
030034_N35.png,19,1363,101,1381,
030035_I9.png,13,1378,105,1414,
030036_R8.png,72,1433,104,1507,
030037_R8.png,47,1434,73,1509,
030038_R8.png,17,1433,47,1511,
030039_R8.png,71,1508,100,1573,
030040_R8.png,47,1508,70,1576,
030041_R8.png,16,1508,46,1579,
030042_D35.png,116,25,200,70,
030043_V28.png,146,59,174,130,
030044_X1.png,134,131,178,157,
030045_U15.png,114,158,198,194,
030046_G39.png,114,193,198,267,
030047_N35.png,114,265,196,287,
030048_UNKNOWN.png,121,287,199,334,
030049_X1.png,157,337,199,371,
030050_W11.png,109,333,156,373,
030051_E34.png,126,391,190,429,
030052_N35.png,128,426,186,443,
030053_M17.png,162,442,179,501,
030054_S29.png,136,440,154,501,
030055_D21.png,121,512,195,540,
030056_X1.png,132,537,176,562,
030057_N17.png,114,559,194,579,
030058_D46.png,113,577,195,602,
030059_O50.png,134,602,178,637,
030060_UNKNOWN.png,132,637,178,689,
030061_D21.png,117,688,193,717,
030062_S29.png,137,714,170,788,
030063_N35.png,112,785,195,801,
030064_D21.png,119,802,187,822,
030065_G17.png,115,822,189,897,
030066_V13.png,111,893,191,921,
030067_G40.png,109,921,197,994,
030068_M17.png,158,993,189,1076,
030069_M17.png,117,996,150,1076,
030070_D21.png,113,1075,193,1105,
030071_S29.png,132,1104,169,1185,
030072_N35.png,111,1179,196,1201,
030073_R8.png,168,1201,195,1280,
030074_R8.png,139,1202,168,1278,
030075_R8.png,112,1203,139,1280,
030076_S29.png,133,1280,162,1354,
030077_G40.png,110,1341,194,1415,
030078_N35.png,111,1413,192,1437,
030079_S29.png,158,1433,182,1504,
030080_M44.png,114,1431,135,1507,
030081_D46.png,110,1502,187,1530,
030082_X1.png,129,1525,175,1546,
030083_N14.png,121,1546,177,1598,
030084_N29.png,236,27,274,71,
030085_I9.png,204,66,293,99,
030086_N35.png,206,97,292,116,
030087_N35.png,206,114,290,135,
030088_S29.png,232,135,267,213,
030089_N35.png,206,215,289,236,
030090_S29.png,232,232,268,311,
030091_N35.png,208,310,294,329,
030092_G50.png,204,328,291,402,
030093_G7.png,241,405,294,513,
030094_G7.png,205,406,263,509,
030095_W18.png,205,510,291,565,
030096_X1.png,225,564,275,588,
030097_G43.png,216,587,281,669,
030098_UNKNOWN.png,205,671,290,736,
030099_O28.png,264,738,283,812,
030100_W24.png,211,736,246,771,
030101_O49.png,206,770,254,811,
030102_T28.png,215,810,273,852,
030103_D1.png,212,851,274,894,
030104_N5.png,211,895,282,940,
030105_S29.png,228,938,256,1012,
030106_UNKNOWN.png,204,1009,282,1051,
030107_D21.png,204,1049,280,1072,
030108_A55.png,207,1067,281,1118,
030109_D4.png,203,1118,284,1149,
030110_S29.png,227,1149,261,1217,
030111_N35.png,203,1215,283,1234,
030112_UNKNOWN.png,208,1233,276,1307,
030113_N35.png,201,1307,283,1329,
030114_D21.png,204,1327,282,1344,
030115_UNKNOWN.png,200,1347,281,1398,
030116_X1.png,250,1443,281,1467,
030117_G43.png,208,1406,270,1482,
030118_R8.png,254,1489,284,1565,
030119_G7.png,200,1487,256,1571,
030120_N35.png,202,1569,279,1588,
030121_D2.png,307,24,367,77,
030122_N35.png,304,80,382,96,
030123_E34.png,315,105,370,140,
030124_N35.png,316,136,370,153,
030125_UNKNOWN.png,343,151,363,209,
030126_S29.png,319,151,339,208,
030127_G17.png,307,222,378,293,
030128_D58.png,315,297,367,359,
030129_V31.png,297,361,385,398,
030130_G5.png,302,396,383,470,
030131_G5.png,301,466,384,547,
030132_G5.png,298,538,383,624,
030133_I10.png,299,616,383,691,
030134_N35.png,311,653,382,676,
030135_V28.png,361,670,385,748,
030136_G39.png,298,674,364,745,
030137_Aa15.png,300,742,381,775,
030138_Aa15.png,295,771,380,798,
030139_Aa15.png,295,793,374,821,
030140_E34.png,306,840,368,873,
030141_N35.png,308,872,369,889,
030142_M17.png,339,888,361,952,
030143_S29.png,316,888,334,955,
030144_G17.png,298,967,368,1046,
030145_G35.png,292,1042,373,1126,
030146_Q3.png,317,1118,352,1162,
030147_D46.png,292,1161,375,1185,
030148_G39.png,291,1187,381,1252,
030149_G39.png,289,1253,376,1329,
030150_UNKNOWN.png,291,1331,380,1406,
030151_D36.png,291,1406,377,1445,
030152_N35.png,289,1446,374,1468,
030153_X1.png,314,1466,358,1491,
030154_UNKNOWN.png,292,1489,373,1527,
030155_UNKNOWN.png,291,1527,368,1559,
030156_UNKNOWN.png,292,1558,370,1593,
030157_O50.png,412,19,456,57,
030158_D21.png,405,55,473,83,
030159_R8.png,450,83,478,152,
030160_R8.png,425,83,454,154,
030161_R8.png,397,85,427,155,
030162_D46.png,395,153,472,182,
030163_D21.png,399,180,472,207,
030164_N35.png,395,204,474,223,
030165_E34.png,408,237,461,272,
030166_N35.png,407,273,462,287,
030167_M17.png,438,286,456,346,
030168_S29.png,412,288,432,349,
030169_P8.png,459,361,478,443,
030170_G43.png,398,360,458,440,
030171_Y2.png,394,440,475,463,
030172_I9.png,393,463,479,496,
030173_S29.png,417,493,450,568,
030174_V31.png,390,564,472,597,
030175_N35.png,391,593,475,611,
030176_E34.png,403,626,462,659,
030177_N35.png,401,658,464,674,
030178_M17.png,439,675,459,737,
030179_S29.png,407,678,432,737,
030180_M17.png,454,753,478,819,
030181_D21.png,392,776,452,805,
030182_M17.png,454,815,478,883,
030183_D36.png,392,822,462,856,
030184_UNKNOWN.png,409,860,457,910,
030185_N35.png,388,909,468,931,
030186_Q3.png,436,927,474,978,
030187_X1.png,391,943,433,979,
030188_N1.png,389,977,475,1005,
030189_S29.png,436,998,465,1080,
030190_Q3.png,390,1010,428,1071,
030191_G40.png,386,1079,475,1152,
030192_N35.png,386,1149,474,1169,
030193_F13.png,391,1168,474,1207,
030194_N31.png,389,1207,470,1241,
030195_N31.png,391,1236,471,1272,
030196_N31.png,393,1266,467,1303,
030197_UNKNOWN.png,438,1334,475,1387,
030198_UNKNOWN.png,379,1303,470,1473,
030199_E34.png,399,1492,461,1530,
030200_N35.png,399,1530,458,1545,
030201_M17.png,433,1541,452,1599,
030202_S29.png,405,1546,423,1599,
030203_UNKNOWN.png,488,28,567,112,
030204_N35.png,482,110,566,133,
030205_E34.png,500,147,557,181,
030206_N35.png,499,181,556,196,
030207_M17.png,532,194,551,252,
030208_S29.png,503,196,522,254,
030209_I10.png,485,271,566,363,
030210_N35.png,498,317,567,338,
030211_V28.png,546,332,572,422,
030212_G21.png,484,339,550,420,
030213_UNKNOWN.png,487,421,570,454,
030214_G17.png,489,454,567,537,
030215_I10.png,484,532,570,622,
030216_D21.png,498,581,566,606,
030217_X1.png,503,605,554,628,
030218_G40.png,484,627,569,695,
030219_Q3.png,503,693,542,741,
030220_G40.png,483,738,570,810,
030221_G1.png,486,805,568,886,
030222_Q3.png,508,883,546,924,
030223_G40.png,481,919,568,991,
030224_G1.png,482,989,563,1070,
030225_D21.png,486,1068,563,1093,
030226_G17.png,484,1095,566,1176,
030227_V13.png,482,1174,569,1208,
030228_Q3.png,499,1207,547,1253,
030229_G40.png,478,1253,567,1333,
030230_G35.png,480,1332,565,1417,
030231_E34.png,491,1435,557,1476,
030232_N35.png,491,1477,558,1493,
030233_M17.png,529,1492,549,1558,
030234_S29.png,498,1494,517,1555,
030235_D21.png,484,1572,562,1596,
030236_I9.png,580,20,664,56,
030237_D46.png,580,54,661,81,
030238_G43.png,584,75,659,166,
030239_Z1.png,633,165,651,202,
030240_Z1.png,618,167,633,205,
030241_Z1.png,599,166,620,208,
030242_Z1.png,583,167,602,207,
030243_M17.png,634,203,663,297,
030244_Q3.png,586,209,624,262,
030245_G43.png,585,258,639,349,
030246_O34.png,581,352,662,373,
030247_O50.png,601,372,638,414,
030248_N35.png,579,411,660,432,
030249_D28.png,582,431,651,488,
030250_W24.png,604,449,635,488,
030251_N18.png,583,485,658,505,
030252_N18.png,583,503,654,521,
030253_N18.png,581,520,658,541,
030254_N18.png,581,538,657,556,
030255_G43.png,585,555,650,640,
030256_D36.png,577,627,661,662,
030257_D60.png,595,663,656,741,
030258_D46.png,577,741,659,763,
030259_G43.png,591,762,650,836,
030260_N35.png,577,832,657,852,
030261_V13.png,578,849,658,876,
030262_N35.png,573,880,662,895,
030263_N35.png,576,895,664,914,
030264_Q1.png,596,914,655,989,
030265_D4.png,577,990,658,1019,
030266_G17.png,574,1016,650,1099,
030267_O1.png,574,1101,660,1148,
030268_D21.png,577,1145,657,1169,
030269_X1.png,593,1169,642,1195,
030270_I9.png,574,1188,659,1222,
030271_M17.png,603,1218,633,1296,
030272_D21.png,576,1296,656,1325,
030273_Q3.png,621,1323,656,1374,
030274_X1.png,572,1337,621,1367,
030275_N37.png,578,1373,663,1399,
030276_U28.png,633,1401,662,1478,
030277_G1.png,573,1400,631,1483,
030278_P13.png,574,1482,662,1522,
030279_I9.png,578,1523,660,1551,
030280_UNKNOWN.png,639,1545,656,1599,
030281_D21.png,577,1575,636,1597,
030282_G17.png,677,16,751,102,
030283_R8.png,731,102,759,184,
030284_G7.png,670,99,731,185,
030285_F32.png,675,186,754,205,
030286_D36.png,675,206,758,237,
030287_G35.png,668,235,751,312,
030288_G17.png,675,303,749,378,
030289_N29.png,695,372,746,413,
030290_D58.png,704,409,750,471,
030291_V28.png,673,401,700,477,
030292_G43.png,677,473,740,551,
030293_W15.png,698,552,746,636,
030294_G43.png,681,635,739,715,
030295_D46.png,671,714,748,740,
030296_S29.png,699,738,724,806,
030297_N35.png,670,803,753,818,
030298_N35.png,668,817,752,832,
030299_E34.png,678,845,740,879,
030300_N35.png,680,881,739,899,
030301_M17.png,713,897,732,953,
030302_S29.png,690,897,709,951,
030303_V13.png,670,972,753,996,
030304_G43.png,682,997,741,1078,
030305_X1.png,689,1082,738,1105,
030306_G5.png,669,1104,752,1194,
030307_G39.png,672,1190,753,1263,
030308_O34.png,673,1263,753,1281,
030309_Q1.png,692,1283,744,1357,
030310_D4.png,671,1357,753,1386,
030311_V13.png,668,1384,751,1412,
030312_G43.png,680,1417,737,1497,
030313_X1.png,689,1495,738,1522,
030314_E34.png,679,1538,746,1576,
030315_N35.png,682,1577,745,1595,
030316_UNKNOWN.png,775,18,839,45,
030317_D36.png,764,43,845,76,
030318_E34.png,777,90,837,125,
030319_N35.png,779,125,835,141,
030320_M17.png,812,139,833,194,
030321_S29.png,784,142,806,197,
030322_G17.png,770,215,843,289,
030323_T22.png,825,295,851,375,
030324_UNKNOWN.png,768,293,819,314,
030325_UNKNOWN.png,770,310,821,328,
030326_W24.png,772,329,811,368,
030327_G43.png,771,376,844,466,
030328_G5.png,767,464,849,549,
030329_M17.png,825,541,852,634,
030330_G43.png,775,547,829,633,
030331_O34.png,766,632,851,653,
030332_N37.png,768,651,851,681,
030333_Y3.png,765,682,833,764,
030334_Y2.png,762,764,850,789,
030335_N35.png,764,789,851,810,
030336_I9.png,761,805,853,844,
030337_D46.png,764,839,850,864,
030338_Z1.png,820,867,845,910,
030339_Z1.png,805,869,822,911,
030340_Z1.png,790,866,806,915,
030341_Z1.png,770,869,790,914,
030342_M17.png,819,913,851,1004,
030343_Q3.png,772,915,808,967,
030344_G43.png,764,968,823,1056,
030345_G25.png,761,1058,845,1141,
030346_G25.png,762,1141,852,1220,
030347_G25.png,762,1220,853,1293,
030348_M17.png,819,1296,851,1382,
030349_Z11.png,761,1296,818,1381,
030350_G43.png,772,1377,841,1468,
030351_O28.png,816,1472,850,1557,
030352_W24.png,765,1469,806,1507,
030353_O49.png,762,1507,813,1555,
030354_D2.png,873,9,929,65,
030355_D21.png,863,65,941,90,
030356_X1.png,881,89,927,113,
030357_Q3.png,903,115,943,167,
030358_X1.png,860,127,903,155,
030359_D10.png,859,167,946,205,
030360_E23.png,865,203,946,240,
030361_Q3.png,908,244,944,296,
030362_X1.png,861,249,908,289,
030363_N1.png,861,296,951,323,
030364_V28.png,883,321,926,403,
030365_N35.png,861,397,949,421,
030366_V31.png,859,420,948,457,
030367_D39.png,859,455,952,490,
030368_X1.png,881,490,919,516,
030369_UNKNOWN.png,863,517,945,631,
030370_D2.png,877,631,934,695,
030371_D21.png,863,692,947,722,
030372_X1.png,875,722,924,749,
030373_G17.png,866,748,945,829,
030374_D36.png,862,828,945,864,
030375_G35.png,859,861,941,937,
030376_D36.png,861,936,947,969,
030377_G43.png,867,974,941,1059,
030378_UNKNOWN.png,901,1063,924,1130,
030379_UNKNOWN.png,878,1062,902,1127,
030380_U1.png,862,1130,948,1200,
030381_G35.png,862,1195,947,1289,
030382_N29.png,903,1283,944,1329,
030383_X1.png,860,1297,900,1328,
030384_P6.png,883,1327,921,1416,
030385_M17.png,919,1409,950,1492,
030386_M42.png,857,1417,912,1491,
030387_N35.png,860,1493,947,1518,
030388_V4.png,870,1516,937,1590,
030389_M17.png,1011,16,1043,89,
030390_M42.png,954,22,1010,86,
030391_N35.png,956,86,1041,110,
030392_V4.png,971,106,1031,171,
030393_X1.png,979,165,1018,196,
030394_N31.png,958,191,1042,226,
030395_N35.png,957,227,1043,247,
030396_E34.png,972,258,1029,288,
030397_N35.png,974,288,1027,306,
030398_M17.png,1005,307,1025,361,
030399_S29.png,980,307,998,362,
030400_S29.png,1016,378,1044,459,
030401_V4.png,959,382,1020,460,
030402_G35.png,956,458,1038,545,
030403_N31.png,957,544,1044,576,
030404_E34.png,973,591,1028,627,
030405_N35.png,972,629,1030,644,
030406_M17.png,1005,643,1026,701,
030407_S29.png,975,643,1001,701,
030408_M17.png,990,722,1017,807,
030409_I10.png,954,795,1044,886,
030410_D2.png,977,832,1030,890,
030411_D21.png,957,890,1041,916,
030412_V31.png,956,916,1041,953,
030413_E1.png,953,949,1049,1037,
030414_N5.png,973,1038,1025,1090,
030415_T28.png,971,1092,1028,1140,
030416_D21.png,961,1141,1037,1164,
030417_I9.png,953,1164,1047,1197,
030418_D46.png,953,1193,1044,1219,
030419_Z1.png,1014,1222,1036,1260,
030420_Z1.png,996,1222,1016,1259,
030421_Z1.png,980,1220,997,1265,
030422_Z1.png,958,1222,982,1267,
030423_F16.png,957,1259,1038,1323,
030424_F16.png,963,1287,1041,1348,
030425_F16.png,965,1315,1044,1377,
030426_F16.png,965,1345,1044,1407,
030427_F16.png,967,1393,1041,1453,
030428_Z1.png,994,1443,1016,1479,
030429_V31.png,957,1481,1042,1523,
030430_G17.png,962,1513,1039,1592,
030431_N35.png,1053,7,1140,28,
030432_E34.png,1068,45,1120,75,
030433_N35.png,1068,74,1124,90,
030434_M17.png,1098,89,1120,142,
030435_S29.png,1075,90,1091,146,
030436_S29.png,1113,164,1140,242,
030437_V4.png,1052,167,1115,240,
030438_G35.png,1053,239,1132,320,
030439_N31.png,1054,318,1140,347,
030440_E34.png,1067,372,1125,401,
030441_N35.png,1069,403,1124,419,
030442_M17.png,1103,417,1125,473,
030443_S29.png,1076,420,1097,473,
030444_V13.png,1054,492,1140,523,
030445_G43.png,1057,524,1127,608,
030446_X1.png,1066,608,1113,635,
030447_UNKNOWN.png,1056,635,1144,749,
030448_U33.png,1100,750,1140,825,
030449_M17.png,1060,745,1087,828,
030450_D60.png,1068,823,1130,912,
030451_O1.png,1062,909,1131,955,
030452_D21.png,1055,954,1134,981,
030453_M17.png,1074,976,1112,1060,
030454_G17.png,1055,1056,1134,1135,
030455_V31.png,1054,1136,1141,1170,
030456_D58.png,1089,1181,1138,1256,
030457_M17.png,1053,1174,1082,1259,
030458_V31.png,1053,1260,1134,1299,
030459_X1.png,1068,1294,1113,1322,
030460_G5.png,1054,1323,1133,1401,
030461_O49.png,1060,1396,1122,1441,
030462_M17.png,1077,1439,1108,1516,
030463_I10.png,1054,1503,1137,1591,
