390000_G17.png,5,14,69,94,
390001_F4.png,1,98,80,153,
390002_X1.png,20,149,72,179,
390003_F34.png,12,179,75,234,
390004_V31.png,6,235,76,271,
390005_Q1.png,17,271,70,346,
390006_D4.png,4,349,78,374,
390007_D35.png,3,375,80,414,
390008_S29.png,53,414,82,500,
390009_UNKNOWN.png,6,413,38,509,
390010_O50.png,55,528,83,565,
390011_G17.png,6,503,75,581,
390012_N35.png,5,580,80,599,
390013_V31.png,4,601,79,635,
390014_M17.png,61,631,83,712,
390015_G17.png,4,636,63,714,
390016_I9.png,3,715,80,750,
390017_D35.png,4,753,83,788,
390018_S29.png,51,783,76,875,
390019_UNKNOWN.png,12,787,43,874,
390020_O50.png,22,870,68,908,
390021_G17.png,7,904,80,981,
390022_N35.png,4,979,79,998,
390023_G39.png,3,998,84,1072,
390024_V31.png,9,1077,83,1108,
390025_M17.png,63,1103,83,1173,
390026_G17.png,6,1109,66,1180,
390027_I9.png,4,1177,86,1205,
390028_G5.png,6,1201,80,1277,
390029_D35.png,3,1277,85,1306,
390030_S29.png,50,1304,81,1382,
390031_UNKNOWN.png,14,1304,43,1385,
390032_O50.png,54,1401,84,1437,
390033_G17.png,6,1384,63,1454,
390034_N35.png,6,1456,83,1474,
390035_V31.png,5,1473,82,1504,
390036_M17.png,66,1507,86,1582,
390037_G17.png,7,1508,65,1586,
390038_UNKNOWN.png,92,8,121,108,
390039_S29.png,134,17,163,110,
390040_O50.png,106,100,147,133,
390041_G17.png,87,130,154,206,
390042_N35.png,89,202,160,218,
390043_V31.png,84,214,159,243,
390044_M17.png,114,244,147,323,
390045_D21.png,88,319,160,345,
390046_I9.png,90,340,165,369,
390047_E9.png,89,371,164,419,
390048_D21.png,90,420,164,442,
390049_V31.png,90,445,164,477,
390050_E9.png,87,477,167,525,
390051_N35.png,88,526,166,547,
390052_D58.png,102,550,157,611,
390053_G39.png,91,618,165,692,
390054_G29.png,89,698,166,770,
390055_N35.png,91,771,167,796,
390056_V31.png,91,798,167,833,
390057_M17.png,113,833,151,914,
390058_D21.png,91,920,166,948,
390059_I9.png,91,945,167,975,
390060_S29.png,137,977,165,1063,
390061_UNKNOWN.png,102,976,122,1062,
390062_O50.png,110,1060,156,1096,
390063_G17.png,100,1090,172,1164,
390064_N35.png,96,1163,170,1180,
390065_V31.png,90,1180,171,1209,
390066_M17.png,116,1207,147,1293,
390067_D21.png,94,1291,166,1319,
390068_I9.png,94,1311,173,1342,
390069_D35.png,92,1338,174,1375,
390070_D53.png,96,1379,174,1421,
390071_X1.png,108,1403,162,1428,
390072_X1.png,144,1476,175,1503,
390073_G43.png,95,1429,168,1520,
390074_R8.png,144,1521,175,1576,
390075_UNKNOWN.png,94,1524,144,1567,
390076_X1.png,102,1565,139,1587,
390077_N35.png,96,1585,174,1601,
390078_M17.png,193,17,225,99,
390079_D21.png,178,95,253,127,
390080_D46.png,171,126,253,156,
390081_V31.png,171,154,253,187,
390082_M17.png,223,185,249,278,
390083_M17.png,185,187,212,279,
390084_M17.png,200,271,224,356,
390085_I9.png,172,343,257,381,
390086_F31.png,178,377,253,443,
390087_N35.png,174,443,259,470,
390088_V31.png,174,470,261,503,
390089_Q3.png,197,503,238,543,
390090_UNKNOWN.png,175,536,263,565,
390091_E9.png,177,560,260,633,
390092_D21.png,189,612,260,637,
390093_N35.png,178,633,263,650,
390094_V31.png,181,645,261,674,
390095_Q3.png,201,680,245,720,
390096_N35.png,176,719,264,738,
390097_F31.png,184,745,251,830,
390098_V31.png,177,835,259,878,
390099_G5.png,179,880,263,975,
390100_G17.png,184,986,260,1070,
390101_D21.png,184,1069,266,1095,
390102_N35.png,179,1096,264,1114,
390103_I9.png,181,1115,264,1143,
390104_N35.png,182,1142,266,1161,
390105_G36.png,182,1158,264,1226,
390106_D21.png,188,1230,263,1249,
390107_G43.png,193,1250,254,1329,
390108_E23.png,185,1327,268,1370,
390109_N35.png,184,1373,267,1392,
390110_I9.png,183,1391,269,1422,
390111_N17.png,186,1425,269,1443,
390112_S29.png,205,1450,243,1541,
390113_D21.png,189,1540,268,1571,
390114_M17.png,286,13,321,94,
390115_D21.png,269,95,346,132,
390116_O50.png,286,136,329,169,
390117_G43.png,274,172,344,256,
390118_D21.png,271,259,346,291,
390119_Z1.png,298,292,320,317,
390120_S29.png,288,317,330,405,
390121_N35.png,270,402,348,426,
390122_M17.png,297,425,334,505,
390123_O50.png,288,506,331,545,
390124_G17.png,274,541,347,618,
390125_S29.png,301,617,332,696,
390126_V31.png,272,695,352,726,
390127_N14.png,278,723,349,784,
390128_N14.png,279,781,352,855,
390129_N14.png,277,852,351,926,
390130_U1.png,278,926,355,987,
390131_D4.png,277,984,355,1009,
390132_G1.png,277,1010,351,1092,
390133_V31.png,274,1093,355,1126,
390134_M17.png,337,1125,356,1197,
390135_G17.png,279,1128,341,1204,
390136_G43.png,287,1197,352,1278,
390137_D36.png,277,1275,359,1311,
390138_V28.png,325,1311,359,1398,
390139_O11.png,287,1316,319,1400,
390140_G5.png,279,1407,354,1498,
390141_Q3.png,303,1492,341,1534,
390142_G43.png,288,1534,351,1609,
390143_O50.png,372,8,419,45,
390144_D21.png,359,45,431,75,
390145_U15.png,359,74,435,103,
390146_X1.png,371,103,422,135,
390147_U15.png,358,134,437,166,
390148_X1.png,372,167,418,198,
390149_S29.png,399,194,434,291,
390150_M17.png,365,197,396,290,
390151_D36.png,357,288,435,323,
390152_O51.png,368,325,430,378,
390153_N35.png,357,380,439,399,
390154_V31.png,360,403,438,438,
390155_M23.png,404,437,442,524,
390156_G43.png,359,439,419,523,
390157_V7.png,373,525,427,600,
390158_N35.png,362,601,437,621,
390159_N35.png,360,620,440,639,
390160_V31.png,360,637,438,675,
390161_M23.png,403,676,441,751,
390162_G43.png,362,676,417,753,
390163_G17.png,368,754,438,827,
390164_F26.png,365,825,444,868,
390165_W24.png,389,872,428,901,
390166_D36.png,368,898,443,935,
390167_V31.png,363,933,441,969,
390168_D35.png,362,967,447,1003,
390169_R8.png,384,1006,435,1086,
390170_S29.png,416,1070,446,1162,
390171_D58.png,367,1088,421,1160,
390172_N14.png,375,1161,438,1219,
390173_M17.png,419,1226,450,1314,
390174_G43.png,368,1229,424,1312,
390175_D35.png,369,1315,449,1349,
390176_U33.png,387,1350,439,1434,
390177_UNKNOWN.png,370,1432,450,1472,
390178_W24.png,409,1497,445,1534,
390179_U33.png,371,1472,404,1554,
390180_I9.png,374,1549,451,1579,
390181_D58.png,457,1,518,75,
390182_G39.png,447,76,528,155,
390183_X8.png,458,152,515,234,
390184_I9.png,448,228,529,260,
390185_N35.png,448,261,529,284,
390186_V31.png,447,285,526,318,
390187_M17.png,506,319,530,393,
390188_G17.png,451,320,515,400,
390189_X1.png,461,399,518,426,
390190_F4.png,447,429,530,485,
390191_G5.png,450,483,527,561,
390192_UNKNOWN.png,449,559,531,634,
390193_V31.png,448,635,531,671,
390194_M17.png,508,673,532,753,
390195_G17.png,448,673,511,756,
390196_S29.png,477,760,513,848,
390197_S29.png,502,852,531,951,
390198_UNKNOWN.png,463,856,490,950,
390199_O50.png,475,949,518,980,
390200_G17.png,458,975,533,1058,
390201_V31.png,455,1059,536,1090,
390202_M17.png,514,1085,539,1171,
390203_G17.png,460,1091,520,1173,
390204_S29.png,484,1177,515,1264,
390205_E34.png,458,1267,538,1321,
390206_N35.png,457,1320,535,1340,
390207_V31.png,457,1339,538,1372,
390208_M17.png,517,1374,540,1447,
390209_G17.png,458,1376,515,1452,
390210_S29.png,482,1451,515,1534,
390211_W18.png,458,1531,537,1597,
390212_D2.png,550,7,609,71,
390213_UNKNOWN.png,538,69,618,103,
390214_UNKNOWN.png,538,104,619,130,
390215_G5.png,534,134,620,221,
390216_G17.png,543,218,617,299,
390217_D21.png,540,302,620,333,
390218_N35.png,537,332,624,356,
390219_I9.png,537,359,620,392,
390220_M17.png,604,395,626,479,
390221_G17.png,538,397,606,480,
390222_V28.png,584,483,622,571,
390223_W24.png,539,508,585,556,
390224_G10.png,539,580,627,671,
390225_V31.png,542,678,626,714,
390226_M17.png,603,721,624,808,
390227_G43.png,542,720,599,807,
390228_N35.png,542,812,623,836,
390229_V31.png,542,834,625,868,
390230_V28.png,570,866,610,956,
390231_N35.png,545,956,620,977,
390232_G17.png,552,974,624,1052,
390233_G17.png,555,1053,626,1124,
390234_X1.png,562,1125,610,1152,
390235_UNKNOWN.png,561,1158,617,1228,
390236_G43.png,556,1222,620,1315,
390237_Aa26.png,565,1315,610,1397,
390238_N35.png,549,1395,625,1417,
390239_V31.png,549,1416,627,1449,
390240_G43.png,558,1444,624,1528,
390241_M17.png,604,1533,632,1609,
390242_O50.png,549,1543,599,1592,
390243_G17.png,629,2,710,84,
390244_D21.png,633,87,708,115,
390245_N35.png,631,114,711,134,
390246_N35.png,628,134,710,160,
390247_E34.png,642,175,695,207,
390248_N35.png,641,205,700,222,
390249_M17.png,672,221,696,292,
390250_S29.png,647,223,672,289,
390251_N26.png,676,342,713,373,
390252_G43.png,632,313,691,393,
390253_O1.png,640,399,708,448,
390254_D21.png,635,446,711,477,
390255_V31.png,633,475,709,511,
390256_V24.png,686,509,712,587,
390257_G43.png,635,508,694,589,
390258_N35.png,635,592,713,614,
390259_M23.png,675,613,717,699,
390260_G43.png,634,614,690,695,
390261_G39.png,634,703,716,778,
390262_D58.png,647,790,707,860,
390263_G17.png,634,868,711,952,
390264_X1.png,649,953,697,987,
390265_V4.png,640,1001,714,1088,
390266_G17.png,640,1082,709,1173,
390267_O49.png,650,1175,710,1228,
390268_X1.png,652,1228,701,1256,
390269_M17.png,660,1264,695,1370,
390270_D21.png,640,1365,716,1396,
390271_X1.png,648,1395,710,1421,
390272_N41.png,647,1421,702,1480,
390273_I9.png,640,1474,719,1505,
390274_N35.png,639,1506,720,1528,
390275_N35.png,640,1534,721,1556,
390276_I9.png,640,1558,720,1593,
390277_G17.png,722,0,797,85,
390278_M3.png,721,87,798,112,
390279_X1.png,738,115,787,146,
390280_N5.png,736,150,791,200,
390281_V31.png,722,195,799,236,
390282_G43.png,728,236,795,325,
390283_D36.png,721,322,801,356,
390284_D58.png,742,358,795,424,
390285_V31.png,725,429,796,467,
390286_M17.png,741,470,781,576,
390287_D21.png,721,572,802,603,
390288_V31.png,720,604,798,636,
390289_T20.png,772,633,798,708,
390290_T20.png,748,634,771,708,
390291_T20.png,725,634,748,707,
390292_V31.png,726,707,796,735,
390293_D58.png,742,738,795,811,
390294_V31.png,726,815,799,852,
390295_X1.png,739,849,794,875,
390296_G37.png,724,875,798,945,
390297_G37.png,723,933,800,1001,
390298_G37.png,723,997,804,1063,
390299_R8.png,749,1064,791,1145,
390300_D21.png,726,1145,803,1176,
390301_X1.png,740,1179,788,1205,
390302_UNKNOWN.png,729,1204,795,1311,
390303_UNKNOWN.png,730,1270,797,1379,
390304_UNKNOWN.png,732,1332,804,1436,
390305_Z11.png,735,1407,806,1490,
390306_X1.png,743,1495,803,1531,
390307_Q3.png,768,1530,810,1587,
390308_X1.png,726,1549,771,1584,
390309_Z7.png,812,0,889,32,
390310_N35.png,808,33,892,58,
390311_V31.png,806,58,891,99,
390312_N30.png,808,104,892,141,
390313_N30.png,806,142,892,181,
390314_N30.png,806,184,893,221,
390315_G5.png,809,222,894,309,
390316_Z7.png,809,314,888,347,
390317_N35.png,812,348,886,374,
390318_V31.png,811,371,886,406,
390319_N30.png,811,409,891,444,
390320_N30.png,810,449,892,487,
390321_N30.png,811,488,890,527,
390322_E9.png,808,528,891,574,
390323_O4.png,820,578,873,630,
390324_G35.png,812,631,890,715,
390325_E34.png,818,736,879,772,
390326_N35.png,819,771,877,784,
390327_M17.png,847,784,874,854,
390328_S29.png,827,785,848,854,
390329_V16.png,811,886,891,926,
390330_G35.png,813,926,889,1008,
390331_V31.png,816,1006,892,1038,
390332_N37.png,813,1041,888,1072,
390333_Z1.png,836,1073,867,1111,
390334_I10.png,814,1091,889,1172,
390335_P8.png,842,1129,872,1211,
390336_O50.png,826,1209,885,1254,
390337_Z1.png,872,1254,893,1295,
390338_Z1.png,857,1255,877,1297,
390339_Z1.png,838,1255,859,1297,
390340_Z1.png,818,1255,843,1298,
390341_M17.png,836,1296,881,1389,
390342_F13.png,819,1386,891,1426,
390343_F13.png,819,1421,895,1464,
390344_F13.png,818,1451,898,1496,
390345_X1.png,832,1501,883,1536,
390346_D28.png,824,1533,894,1593,
390347_G17.png,904,0,981,80,
390348_V31.png,900,79,981,120,
390349_S29.png,946,123,983,226,
390350_UNKNOWN.png,918,129,944,228,
390351_N35.png,898,223,983,249,
390352_V28.png,950,244,982,331,
390353_D58.png,902,256,956,329,
390354_X1.png,911,329,975,363,
390355_UNKNOWN.png,929,371,964,474,
390356_V31.png,900,475,981,518,
390357_G17.png,900,509,984,595,
390358_D36.png,899,595,986,623,
390359_V31.png,900,627,986,663,
390360_V24.png,942,664,979,766,
390361_P8.png,904,666,936,769,
390362_G43.png,910,766,981,864,
390363_N35.png,902,865,982,888,
390364_N37.png,901,887,984,921,
390365_X1.png,921,919,977,950,
390366_G35.png,900,946,981,1027,
390367_G43.png,904,1028,986,1125,
390368_Q1.png,942,1128,987,1213,
390369_Q1.png,900,1129,945,1212,
390370_Q1.png,947,1215,991,1291,
390371_X1.png,903,1243,945,1277,
390372_D36.png,903,1288,989,1330,
390373_V31.png,904,1329,988,1361,
390374_G17.png,911,1359,985,1440,
390375_U15.png,907,1441,995,1481,
390376_X1.png,924,1478,978,1508,
390377_UNKNOWN.png,902,1503,990,1536,
390378_UNKNOWN.png,905,1540,991,1574,
390379_V31.png,906,1577,992,1609,
390380_O4.png,1008,0,1062,64,
390381_UNKNOWN.png,995,60,1070,150,
390382_E34.png,1003,162,1059,198,
390383_N35.png,1005,198,1065,218,
390384_M17.png,1034,216,1061,285,
390385_S29.png,1016,217,1039,288,
390386_D35.png,993,324,1083,366,
390387_UNKNOWN.png,997,374,1075,439,
390388_N35.png,997,454,1069,471,
390389_V31.png,993,489,1074,526,
390390_M17.png,1020,531,1054,637,
390391_S29.png,1019,637,1051,740,
390392_G17.png,996,744,1074,828,
390393_X1.png,1009,837,1061,865,
390394_U33.png,1022,869,1060,968,
390395_UNKNOWN.png,995,972,1072,1045,
390396_N35.png,1000,1049,1075,1073,
390397_V31.png,998,1073,1074,1108,
390398_S34.png,1007,1120,1063,1216,
390399_Q1.png,1013,1377,1078,1468,
390400_D2.png,1014,1476,1072,1542,
390401_O50.png,1023,1555,1066,1597,
