410000_X8.png,14,27,71,103,
410001_X1.png,16,102,61,125,
410002_UNKNOWN.png,18,123,71,205,
410003_Z1.png,54,202,75,230,
410004_Z1.png,41,204,56,230,
410005_Z1.png,29,205,45,231,
410006_Z1.png,12,204,33,236,
410007_M18.png,28,231,74,317,
410008_N35.png,3,317,77,339,
410009_V31.png,3,337,79,370,
410010_G39.png,6,364,81,437,
410011_V31.png,4,441,81,477,
410012_M18.png,25,475,77,559,
410013_N35.png,4,557,85,585,
410014_V31.png,3,581,85,622,
410015_E34.png,15,639,73,679,
410016_N35.png,14,680,74,700,
410017_M17.png,49,693,71,765,
410018_S29.png,21,697,45,766,
410019_Q3.png,20,787,70,844,
410020_N35.png,7,845,81,874,
410021_N37.png,8,870,88,896,
410022_G1.png,6,898,87,988,
410023_S29.png,34,987,77,1075,
410024_D54.png,15,1076,94,1135,
410025_V13.png,13,1136,95,1166,
410026_N35.png,12,1167,91,1189,
410027_V28.png,30,1186,74,1284,
410028_D21.png,21,1281,95,1310,
410029_X1.png,30,1310,88,1336,
410030_M17.png,33,1338,78,1432,
410031_D36.png,14,1416,97,1455,
410032_D58.png,35,1457,89,1523,
410033_UNKNOWN.png,34,1523,82,1555,
410034_D46.png,87,28,161,59,
410035_V4.png,87,60,159,135,
410036_M23.png,95,120,159,201,
410037_G43.png,95,199,156,284,
410038_G25.png,86,286,164,360,
410039_G25.png,88,360,165,431,
410040_G25.png,90,429,164,502,
410041_M17.png,115,498,148,575,
410042_G17.png,89,570,165,661,
410043_G43.png,102,651,164,741,
410044_N35.png,94,748,164,768,
410045_N35.png,93,766,165,787,
410046_N35.png,92,787,167,808,
410047_U7.png,93,808,168,898,
410048_D21.png,96,900,169,927,
410049_N36.png,92,927,171,955,
410050_G43.png,103,955,165,1051,
410051_I9.png,100,1048,171,1082,
410052_S34.png,106,1080,166,1165,
410053_I9.png,101,1149,174,1187,
410054_M23.png,115,1180,166,1258,
410055_G43.png,113,1256,172,1349,
410056_X1.png,114,1349,163,1380,
410057_S34.png,106,1381,166,1463,
410058_I9.png,107,1449,177,1485,
410059_U7.png,108,1478,173,1553,
410060_D21.png,108,1553,176,1580,
410061_N36.png,107,1579,174,1596,
410062_G17.png,172,25,240,108,
410063_D58.png,185,112,246,176,
410064_G43.png,177,177,239,260,
410065_G25.png,171,263,243,340,
410066_O50.png,190,344,233,379,
410067_N35.png,173,377,246,396,
410068_V13.png,172,394,248,422,
410069_N35.png,173,422,247,441,
410070_M17.png,197,441,230,529,
410071_G17.png,177,523,246,605,
410072_Q1.png,191,600,247,673,
410073_D4.png,175,673,252,701,
410074_Q1.png,192,705,250,783,
410075_X1.png,185,782,242,813,
410076_M17.png,201,818,240,915,
410077_UNKNOWN.png,180,916,251,971,
410078_M17.png,219,967,253,1056,
410079_M17.png,183,970,217,1063,
410080_V28.png,235,1056,262,1147,
410081_G43.png,183,1061,238,1148,
410082_G43.png,189,1149,253,1235,
410083_N35.png,184,1231,262,1256,
410084_R8.png,233,1254,262,1331,
410085_R8.png,207,1255,237,1332,
410086_R8.png,182,1256,211,1330,
410087_M16.png,188,1331,252,1433,
410088_G25.png,186,1436,264,1504,
410089_G25.png,184,1508,269,1578,
410090_G25.png,254,38,333,116,
410091_M17.png,278,122,318,202,
410092_O50.png,270,201,324,243,
410093_G17.png,260,241,339,324,
410094_S29.png,287,331,318,418,
410095_V31.png,256,414,341,452,
410096_V30.png,259,450,339,490,
410097_O50.png,283,488,328,523,
410098_D21.png,261,520,337,550,
410099_G43.png,265,546,339,643,
410100_X1.png,273,642,332,669,
410101_Q1.png,271,669,336,750,
410102_UNKNOWN.png,278,749,330,843,
410103_Z1.png,330,841,344,872,
410104_Z1.png,310,843,326,874,
410105_Z1.png,293,842,311,877,
410106_Z1.png,272,843,294,877,
410107_M18.png,290,878,332,974,
410108_N35.png,268,978,346,1001,
410109_V31.png,266,998,349,1036,
410110_G39.png,267,1037,347,1109,
410111_V31.png,268,1112,350,1151,
410112_M17.png,296,1153,339,1246,
410113_N35.png,271,1242,353,1265,
410114_V31.png,271,1264,350,1302,
410115_E34.png,281,1318,340,1352,
410116_N35.png,283,1350,341,1365,
410117_M17.png,314,1364,341,1435,
410118_S29.png,286,1366,313,1433,
410119_Q3.png,295,1458,333,1504,
410120_N35.png,283,1500,357,1524,
410121_N37.png,273,1521,354,1549,
410122_V28.png,369,27,407,123,
410123_G43.png,357,123,418,209,
410124_N35.png,347,212,427,238,
410125_R8.png,396,235,430,306,
410126_R8.png,374,237,400,309,
410127_R8.png,347,234,375,308,
410128_M26.png,355,307,426,393,
410129_G25.png,349,391,429,472,
410130_G25.png,350,472,430,550,
410131_G25.png,349,552,431,628,
410132_S29.png,376,623,417,719,
410133_N35.png,354,716,432,738,
410134_M17.png,399,737,434,825,
410135_S29.png,364,738,397,826,
410136_V13.png,357,821,436,863,
410137_M18.png,381,863,427,957,
410138_D21.png,361,957,439,989,
410139_I9.png,356,985,439,1025,
410140_E34.png,361,1043,428,1079,
410141_N35.png,369,1079,429,1096,
410142_M17.png,402,1095,425,1159,
410143_S29.png,372,1094,399,1159,
410144_Q3.png,383,1179,421,1225,
410145_N35.png,366,1224,441,1243,
410146_UNKNOWN.png,362,1243,438,1319,
410147_M17.png,384,1325,423,1409,
410148_O50.png,376,1410,424,1453,
410149_G17.png,367,1452,438,1536,
410150_S29.png,389,1533,432,1617,
410151_M18.png,450,30,498,116,
410152_N35.png,436,115,510,135,
410153_V31.png,433,132,513,163,
410154_G39.png,434,166,509,232,
410155_V31.png,436,240,515,279,
410156_M18.png,464,275,498,364,
410157_N35.png,441,363,511,383,
410158_V31.png,440,382,518,420,
410159_E34.png,448,435,510,474,
410160_N35.png,451,474,511,489,
410161_M17.png,485,488,502,550,
410162_S29.png,456,489,478,556,
410163_Q3.png,465,586,500,632,
410164_N35.png,442,633,521,654,
410165_N37.png,444,653,519,680,
410166_G35.png,443,683,523,764,
410167_S29.png,468,762,508,862,
410168_D54.png,445,860,527,931,
410169_V13.png,448,932,526,965,
410170_N35.png,446,964,527,989,
410171_V28.png,468,991,519,1086,
410172_D21.png,447,1089,529,1118,
410173_X1.png,463,1118,518,1151,
410174_M17.png,470,1149,515,1237,
410175_UNKNOWN.png,448,1237,535,1271,
410176_D58.png,468,1276,533,1342,
410177_UNKNOWN.png,473,1343,521,1381,
410178_G35.png,455,1378,535,1461,
410179_N35.png,454,1458,537,1476,
410180_G17.png,457,1473,535,1558,
410181_G43.png,526,19,595,111,
410182_D36.png,527,105,602,134,
410183_D58.png,541,139,598,211,
410184_S34.png,533,214,602,303,
410185_G17.png,527,298,608,382,
410186_G25.png,526,374,605,445,
410187_X1.png,542,447,593,472,
410188_N18.png,528,471,609,494,
410189_G25.png,528,496,608,565,
410190_N35.png,529,571,611,592,
410191_I9.png,528,589,611,623,
410192_N35.png,529,620,610,644,
410193_S29.png,560,640,590,725,
410194_N35.png,531,725,613,749,
410195_N29.png,549,748,607,791,
410196_D58.png,570,794,614,858,
410197_D58.png,532,794,576,858,
410198_M1.png,557,861,601,941,
410199_N35.png,534,938,616,959,
410200_I9.png,534,956,616,991,
410201_N35.png,535,992,617,1009,
410202_S29.png,561,1015,603,1105,
410203_N35.png,536,1103,620,1127,
410204_G17.png,544,1122,618,1202,
410205_F26.png,539,1202,620,1263,
410206_W24.png,564,1262,603,1304,
410207_D36.png,542,1288,623,1334,
410208_M17.png,586,1333,623,1424,
410209_X1.png,542,1360,589,1399,
410210_I9.png,545,1420,624,1454,
410211_G17.png,542,1447,623,1533,
410212_F26.png,544,1530,623,1583,
410213_W24.png,571,1583,607,1618,
410214_S29.png,660,9,695,92,
410215_M12.png,615,11,656,99,
410216_O50.png,638,96,682,127,
410217_V13.png,617,127,695,158,
410218_N35.png,614,155,698,177,
410219_M23.png,659,176,702,259,
410220_G43.png,620,175,678,258,
410221_E34.png,627,277,686,315,
410222_N35.png,625,313,684,331,
410223_M17.png,663,327,682,395,
410224_S29.png,633,330,656,400,
410225_Q3.png,635,421,683,471,
410226_N35.png,619,469,703,489,
410227_V7.png,640,486,688,562,
410228_N35.png,620,563,705,593,
410229_D62.png,623,594,702,674,
410230_N14.png,623,670,703,739,
410231_M17.png,675,746,703,831,
410232_W25.png,623,745,678,827,
410233_N35.png,625,830,705,854,
410234_D46.png,623,855,708,887,
410235_G35.png,628,889,708,973,
410236_X1.png,648,969,698,1000,
410237_N14.png,629,998,705,1052,
410238_UNKNOWN.png,687,1054,712,1134,
410239_G43.png,628,1060,694,1155,
410240_UNKNOWN.png,626,1155,713,1192,
410241_D58.png,669,1196,715,1268,
410242_S34.png,628,1194,672,1275,
410243_G17.png,633,1271,712,1356,
410244_G25.png,634,1356,716,1430,
410245_X1.png,647,1426,706,1454,
410246_N18.png,638,1450,720,1475,
410247_V7.png,645,1472,712,1549,
410248_N35.png,635,1546,717,1566,
410249_M17.png,752,13,781,99,
410250_O50.png,714,43,751,84,
410251_G17.png,710,100,782,180,
410252_S29.png,739,177,769,258,
410253_V31.png,709,255,786,294,
410254_D35.png,710,289,791,323,
410255_S29.png,739,320,774,393,
410256_V31.png,716,391,790,422,
410257_V31.png,711,421,792,453,
410258_D35.png,710,448,794,487,
410259_S29.png,736,479,769,559,
410260_V31.png,714,554,792,596,
410261_D28.png,721,588,786,645,
410262_V31.png,716,641,793,682,
410263_V13.png,716,677,794,709,
410264_G43.png,721,713,787,795,
410265_X1.png,734,794,783,820,
410266_D28.png,728,819,788,867,
410267_I10.png,715,871,799,954,
410268_P8.png,739,918,783,995,
410269_M17.png,775,988,802,1078,
410270_G43.png,719,996,779,1085,
410271_D54.png,728,1082,796,1127,
410272_N35.png,725,1124,800,1140,
410273_O50.png,740,1136,780,1174,
410274_D21.png,730,1173,798,1198,
410275_V13.png,722,1197,801,1230,
410276_UNKNOWN.png,732,1228,794,1299,
410277_M17.png,784,1295,805,1381,
410278_G43.png,726,1300,786,1379,
410279_D54.png,736,1377,795,1413,
410280_N35.png,723,1414,803,1432,
410281_O50.png,743,1427,788,1464,
410282_D21.png,728,1464,801,1487,
410283_V13.png,729,1482,803,1509,
410284_S29.png,788,1508,808,1576,
410285_G17.png,728,1515,786,1579,
410286_V31.png,731,1578,804,1614,
410287_I9.png,794,5,874,38,
410288_N35.png,797,34,871,54,
410289_Aa27.png,812,52,866,126,
410290_D19.png,813,131,868,181,
410291_V31.png,798,182,877,211,
410292_G17.png,802,209,877,285,
410293_E17.png,797,281,880,352,
410294_M17.png,858,339,881,413,
410295_O50.png,801,351,854,396,
410296_G17.png,804,412,879,486,
410297_S29.png,827,482,871,556,
410298_V31.png,805,552,882,587,
410299_F18.png,801,579,887,613,
410300_F18.png,803,601,882,631,
410301_F18.png,805,626,886,656,
410302_V31.png,802,657,885,693,
410303_M44.png,863,691,889,774,
410304_UNKNOWN.png,803,692,869,775,
410305_M17.png,860,775,891,864,
410306_O50.png,807,771,855,807,
410307_G17.png,804,807,868,878,
410308_S29.png,869,869,892,942,
410309_V31.png,804,891,867,920,
410310_D36.png,806,920,893,955,
410311_V31.png,807,956,890,991,
410312_V28.png,865,988,892,1060,
410313_Q3.png,811,999,859,1054,
410314_G39.png,809,1058,891,1130,
410315_D46.png,809,1131,892,1158,
410316_V4.png,809,1156,887,1221,
410317_G14.png,820,1209,898,1272,
410318_I9.png,813,1263,896,1294,
410319_D46.png,815,1289,895,1312,
410320_F18.png,815,1309,896,1331,
410321_V31.png,813,1329,894,1361,
410322_O1.png,825,1356,886,1396,
410323_D21.png,817,1392,893,1419,
410324_V30.png,819,1417,893,1446,
410325_D21.png,817,1446,897,1467,
410326_Q3.png,860,1464,896,1501,
410327_X1.png,816,1471,858,1499,
410328_N1.png,812,1499,897,1523,
410329_V6.png,826,1522,888,1561,
410330_D21.png,824,1559,889,1582,
410331_D21.png,818,1581,896,1602,
410332_O50.png,926,15,969,55,
410333_Q3.png,885,8,926,60,
410334_L1.png,892,56,964,140,
410335_D21.png,886,135,969,166,
410336_V31.png,885,164,971,203,
410337_M17.png,910,201,954,277,
410338_U15.png,892,273,976,303,
410339_X1.png,915,298,954,326,
410340_R8.png,909,325,966,396,
410341_V30.png,890,397,977,431,
410342_D1.png,899,431,970,475,
410343_V31.png,893,473,978,507,
410344_G17.png,896,505,975,591,
410345_G5.png,896,586,978,670,
410346_D46.png,895,669,980,695,
410347_G35.png,899,693,983,774,
410348_X1.png,949,778,985,805,
410349_N14.png,897,775,952,833,
410350_M17.png,950,810,981,893,
410351_O50.png,906,834,952,882,
410352_G17.png,902,896,981,972,
410353_S29.png,926,969,965,1045,
410354_V31.png,906,1044,981,1079,
410355_G17.png,913,1079,984,1148,
410356_W18.png,905,1147,988,1215,
410357_X1.png,925,1211,971,1233,
410358_V31.png,909,1232,990,1267,
410359_G17.png,911,1264,988,1344,
410360_W18.png,907,1345,989,1417,
410361_D10.png,908,1421,991,1442,
410362_X1.png,927,1439,975,1466,
410363_G5.png,909,1469,991,1535,
410364_M17.png,965,1532,993,1618,
410365_O50.png,914,1562,958,1603,
410366_G17.png,985,9,1060,87,
410367_F4.png,980,90,1066,148,
410368_X1.png,1004,145,1054,174,
410369_F34.png,989,174,1063,233,
410370_V31.png,983,229,1064,271,
410371_Q1.png,999,266,1059,338,
410372_D4.png,987,339,1068,371,
410373_D35.png,985,370,1070,407,
410374_S29.png,1037,404,1069,495,
410375_UNKNOWN.png,989,410,1024,504,
410376_W22.png,1042,524,1073,559,
410377_G17.png,988,495,1063,576,
410378_N35.png,986,573,1066,593,
410379_V31.png,990,594,1068,625,
410380_M17.png,1051,621,1073,705,
410381_I9.png,990,705,1072,744,
410382_D35.png,991,742,1075,779,
410383_S29.png,1040,775,1069,865,
410384_UNKNOWN.png,998,780,1037,867,
410385_O50.png,1014,866,1060,897,
410386_G17.png,998,900,1071,972,
410387_N35.png,993,969,1073,989,
410388_G39.png,995,988,1077,1065,
410389_V31.png,998,1067,1072,1098,
410390_M17.png,1056,1095,1079,1166,
410391_G17.png,998,1098,1060,1171,
410392_I9.png,997,1166,1079,1197,
410393_G5.png,1000,1192,1076,1270,
410394_D35.png,997,1268,1078,1297,
410395_S29.png,1045,1291,1074,1371,
410396_UNKNOWN.png,1005,1294,1035,1378,
410397_O50.png,1048,1390,1081,1420,
410398_G17.png,998,1373,1062,1442,
410399_N35.png,1002,1440,1077,1460,
410400_V31.png,1002,1457,1076,1493,
410401_M17.png,1064,1493,1085,1569,
410402_G17.png,1002,1496,1064,1571,
410403_I9.png,1003,1568,1085,1601,
