050000_N35.png,22,30,108,50,
050001_E34.png,39,63,93,98,
050002_N35.png,37,97,93,112,
050003_M17.png,69,111,92,170,
050004_S29.png,43,113,61,172,
050005_S29.png,85,192,107,276,
050006_V4.png,25,191,82,274,
050007_G35.png,26,268,105,358,
050008_N31.png,23,355,108,388,
050009_E34.png,38,410,95,445,
050010_N35.png,37,441,93,462,
050011_M17.png,72,458,94,525,
050012_S29.png,44,462,64,522,
050013_V13.png,24,539,109,573,
050014_G43.png,26,572,93,663,
050015_X1.png,36,663,86,694,
050016_UNKNOWN.png,20,692,109,810,
050017_U33.png,68,808,106,888,
050018_M17.png,26,812,55,889,
050019_D60.png,28,889,104,980,
050020_O1.png,23,977,101,1027,
050021_D21.png,17,1024,102,1053,
050022_M17.png,41,1052,88,1135,
050023_G17.png,20,1136,93,1217,
050024_V31.png,19,1214,106,1257,
050025_D58.png,52,1259,109,1348,
050026_M17.png,16,1256,46,1349,
050027_V31.png,18,1350,101,1399,
050028_X1.png,34,1388,85,1415,
050029_G5.png,18,1415,108,1500,
050030_O49.png,33,1489,88,1541,
050031_UNKNOWN.png,44,1540,73,1599,
050032_D36.png,125,28,202,61,
050033_G35.png,120,63,201,148,
050034_D58.png,141,143,194,217,
050035_UNKNOWN.png,131,213,199,293,
050036_M1.png,148,295,183,384,
050037_G43.png,130,377,193,467,
050038_D36.png,123,465,205,497,
050039_D60.png,132,500,200,589,
050040_M17.png,172,596,201,670,
050041_Z11.png,118,593,170,666,
050042_M17.png,148,672,175,759,
050043_P8.png,185,772,204,853,
050044_I10.png,115,771,188,857,
050045_V13.png,121,850,192,879,
050046_O34.png,117,876,197,895,
050047_S24.png,115,894,193,920,
050048_U1.png,121,917,195,982,
050049_G35.png,116,985,202,1069,
050050_N29.png,163,1061,202,1109,
050051_X1.png,117,1077,157,1109,
050052_P6.png,136,1109,181,1202,
050053_M17.png,175,1190,203,1279,
050054_N35.png,114,1226,179,1248,
050055_N5.png,126,1268,181,1321,
050056_O50.png,129,1320,179,1366,
050057_I9.png,115,1357,199,1393,
050058_X1.png,125,1386,180,1417,
050059_Q1.png,135,1418,189,1480,
050060_D4.png,116,1482,196,1511,
050061_V13.png,117,1514,193,1543,
050062_O34.png,114,1540,194,1565,
050063_S24.png,118,1564,195,1588,
050064_O50.png,235,26,273,61,
050065_I9.png,213,51,299,81,
050066_X1.png,234,75,278,101,
050067_M17.png,268,94,291,174,
050068_X1.png,217,123,257,155,
050069_I9.png,213,175,299,203,
050070_Q1.png,239,204,294,268,
050071_D4.png,217,271,290,303,
050072_G17.png,223,307,289,382,
050073_UNKNOWN.png,223,380,296,437,
050074_G17.png,221,433,289,509,
050075_I9.png,216,506,296,541,
050076_N35.png,215,538,296,559,
050077_G25.png,213,557,296,623,
050078_Z1.png,245,623,266,650,
050079_I9.png,209,649,299,680,
050080_T21.png,213,676,294,704,
050081_Z1.png,240,704,264,735,
050082_S29.png,241,731,270,813,
050083_N35.png,213,812,292,831,
050084_G17.png,220,829,288,905,
050085_Q3.png,231,904,276,947,
050086_N35.png,210,946,294,966,
050087_W11.png,241,981,290,1034,
050088_S29.png,211,963,242,1046,
050089_UNKNOWN.png,210,1044,291,1077,
050090_T21.png,212,1075,297,1110,
050091_Z1.png,243,1108,263,1139,
050092_S29.png,233,1142,269,1226,
050093_N35.png,214,1223,291,1242,
050094_G17.png,211,1241,291,1325,
050095_Q3.png,228,1321,281,1367,
050096_N35.png,208,1366,293,1384,
050097_W11.png,245,1400,288,1452,
050098_S29.png,212,1386,239,1467,
050099_UNKNOWN.png,206,1462,287,1496,
050100_M17.png,271,1496,294,1577,
050101_G43.png,207,1495,272,1577,
050102_M17.png,368,28,392,100,
050103_N35.png,307,54,369,79,
050104_V13.png,311,99,393,126,
050105_G43.png,322,122,381,204,
050106_X1.png,326,205,372,231,
050107_M17.png,355,230,386,306,
050108_S29.png,317,231,346,311,
050109_R8.png,363,313,391,385,
050110_G7.png,308,309,366,391,
050111_G43.png,318,389,371,466,
050112_D36.png,311,461,386,490,
050113_D60.png,323,490,380,569,
050114_Q1.png,348,571,389,640,
050115_Q1.png,309,568,347,640,
050116_Q1.png,344,640,389,701,
050117_X1.png,307,661,344,691,
050118_O1.png,308,703,385,741,
050119_D21.png,311,741,380,767,
050120_G17.png,311,765,379,838,
050121_G43.png,323,833,374,914,
050122_D36.png,309,902,386,932,
050123_D60.png,317,933,379,1011,
050124_X1.png,327,1012,367,1040,
050125_D36.png,306,1036,388,1068,
050126_UNKNOWN.png,329,1067,362,1147,
050127_E34.png,321,1161,373,1197,
050128_N35.png,316,1196,372,1211,
050129_M17.png,345,1210,366,1279,
050130_S29.png,321,1212,344,1278,
050131_M17.png,359,1290,380,1367,
050132_N35.png,300,1322,361,1343,
050133_G5.png,304,1367,383,1450,
050134_N41.png,337,1457,375,1512,
050135_S29.png,306,1449,334,1521,
050136_E34.png,310,1533,375,1575,
050137_G25.png,398,28,483,94,
050138_Z1.png,432,93,454,123,
050139_M17.png,423,123,460,200,
050140_D21.png,402,198,473,226,
050141_Q3.png,444,222,477,265,
050142_X1.png,399,232,440,263,
050143_N1.png,399,262,479,287,
050144_N37.png,400,287,480,315,
050145_G1.png,400,316,475,396,
050146_X1.png,417,389,469,418,
050147_M17.png,425,416,465,502,
050148_D21.png,400,500,472,527,
050149_UNKNOWN.png,397,543,482,576,
050150_Q3.png,441,576,479,624,
050151_X1.png,400,587,442,618,
050152_D21.png,405,624,472,646,
050153_G17.png,408,646,471,717,
050154_V13.png,404,714,479,742,
050155_N29.png,451,743,482,776,
050156_D21.png,397,744,455,769,
050157_S29.png,449,773,474,848,
050158_T20.png,400,771,434,840,
050159_UNKNOWN.png,402,842,475,882,
050160_S29.png,422,879,453,955,
050161_N35.png,399,953,477,969,
050162_M12.png,441,969,472,1043,
050163_S29.png,400,968,429,1050,
050164_G17.png,398,1050,470,1130,
050165_X1.png,436,1141,474,1171,
050166_UNKNOWN.png,399,1127,433,1176,
050167_M12.png,434,1171,468,1258,
050168_S29.png,399,1177,428,1262,
050169_G17.png,396,1258,471,1340,
050170_V28.png,442,1335,477,1417,
050171_N29.png,397,1340,439,1386,
050172_X1.png,399,1386,439,1415,
050173_W22.png,418,1415,450,1466,
050174_D2.png,407,1465,469,1526,
050175_G43.png,403,1523,471,1599,
050176_N37.png,499,26,574,51,
050177_V4.png,501,50,571,115,
050178_G35.png,492,111,571,193,
050179_M17.png,525,188,553,264,
050180_G43.png,507,262,564,345,
050181_D36.png,489,338,572,370,
050182_UNKNOWN.png,493,371,575,403,
050183_G43.png,495,401,564,485,
050184_D35.png,491,487,574,523,
050185_M42.png,505,521,562,586,
050186_N35.png,493,585,571,608,
050187_X1.png,510,608,554,631,
050188_O50.png,513,631,547,670,
050189_D21.png,493,675,563,700,
050190_I9.png,490,696,570,726,
050191_O34.png,489,723,568,742,
050192_N35.png,492,740,568,764,
050193_Y3.png,493,762,556,836,
050194_Y2.png,491,833,568,858,
050195_O34.png,491,857,569,878,
050196_N37.png,489,879,566,902,
050197_Y3.png,496,902,561,973,
050198_Y2.png,491,973,570,997,
050199_E34.png,500,1014,558,1045,
050200_N35.png,499,1045,558,1061,
050201_M17.png,530,1059,553,1129,
050202_S29.png,502,1060,527,1127,
050203_G17.png,492,1146,566,1222,
050204_I10.png,487,1224,569,1314,
050205_D58.png,508,1261,565,1329,
050206_D36.png,484,1319,570,1354,
050207_M195.png,514,1350,535,1419,
050208_G36.png,482,1415,571,1483,
050209_D21.png,486,1481,568,1508,
050210_D35.png,483,1507,570,1539,
050211_O34.png,483,1537,568,1554,
050212_N37.png,486,1557,564,1578,
050213_P8.png,650,22,671,110,
050214_I10.png,579,24,656,109,
050215_F35.png,607,62,640,140,
050216_I9.png,583,129,671,161,
050217_D21.png,582,161,663,183,
050218_G43.png,590,183,653,263,
050219_G35.png,583,263,661,344,
050220_U1.png,592,333,663,394,
050221_D4.png,589,391,667,414,
050222_G35.png,586,415,665,493,
050223_G43.png,589,485,655,568,
050224_R4.png,583,569,664,617,
050225_X1.png,619,624,659,652,
050226_Q3.png,584,623,619,665,
050227_G43.png,587,657,653,736,
050228_G1.png,582,736,656,813,
050229_Q3.png,622,813,660,855,
050230_X1.png,581,820,626,856,
050231_D10.png,582,854,664,887,
050232_M17.png,640,886,663,963,
050233_N35.png,580,886,643,903,
050234_S29.png,596,899,624,967,
050235_N35.png,577,963,663,981,
050236_M17.png,638,980,662,1037,
050237_N35.png,580,993,642,1018,
050238_R8.png,634,1032,660,1105,
050239_R8.png,607,1033,632,1107,
050240_R8.png,583,1033,609,1110,
050241_O1.png,584,1109,657,1152,
050242_D21.png,582,1149,657,1173,
050243_X1.png,597,1172,643,1198,
050244_D21.png,584,1197,655,1224,
050245_I9.png,580,1224,660,1259,
050246_R8.png,600,1259,650,1333,
050247_G7.png,580,1334,659,1437,
050248_Q3.png,601,1435,643,1485,
050249_N35.png,580,1484,660,1502,
050250_M17.png,604,1500,633,1577,
050251_D21.png,578,1575,653,1598,
050252_UNKNOWN.png,678,22,763,88,
050253_I9.png,677,89,760,118,
050254_D1.png,691,119,750,160,
050255_Z1.png,704,159,732,189,
050256_I9.png,678,182,760,214,
050257_N37.png,683,213,755,236,
050258_D36.png,676,237,758,263,
050259_Y1.png,680,266,757,292,
050260_X1.png,696,291,741,316,
050261_I9.png,677,310,761,340,
050262_D21.png,681,338,753,360,
050263_UNKNOWN.png,678,359,755,383,
050264_UNKNOWN.png,676,381,754,407,
050265_I9.png,677,403,757,433,
050266_V28.png,727,428,758,509,
050267_D28.png,673,442,726,498,
050268_D28.png,715,505,760,554,
050269_D28.png,671,505,714,558,
050270_I9.png,675,554,759,584,
050271_D1.png,689,585,741,627,
050272_Z1.png,704,625,728,654,
050273_D21.png,677,655,752,682,
050274_D46.png,673,679,753,704,
050275_D56.png,708,703,756,762,
050276_D56.png,675,703,723,761,
050277_I9.png,675,762,756,788,
050278_M17.png,700,785,729,860,
050279_D4.png,681,861,747,885,
050280_N35.png,674,882,754,899,
050281_N35.png,672,898,756,914,
050282_I9.png,673,913,758,938,
050283_G39.png,675,938,756,1004,
050284_D58.png,685,1002,744,1063,
050285_W19.png,710,1063,752,1150,
050286_Aa28.png,671,1063,698,1149,
050287_D46.png,670,1149,753,1173,
050288_O50.png,692,1175,737,1203,
050289_D4.png,675,1204,751,1234,
050290_M17.png,720,1235,747,1315,
050291_M17.png,675,1235,715,1315,
050292_N35.png,673,1314,752,1333,
050293_I9.png,673,1332,755,1362,
050294_M17.png,734,1357,755,1428,
050295_G17.png,671,1361,738,1432,
050296_M18.png,732,1430,755,1506,
050297_N35.png,669,1438,732,1458,
050298_I9.png,668,1474,732,1510,
050299_R8.png,723,1521,751,1594,
050300_R8.png,697,1519,724,1594,
050301_R8.png,670,1518,697,1592,
050302_R8.png,821,22,849,92,
050303_R8.png,795,21,822,95,
050304_R8.png,766,21,796,98,
050305_M17.png,797,96,831,177,
050306_D21.png,777,176,848,202,
050307_G43.png,778,200,846,279,
050308_Q3.png,817,281,850,328,
050309_X1.png,766,298,813,328,
050310_N1.png,767,325,850,353,
050311_R8.png,824,351,854,429,
050312_R8.png,798,355,824,429,
050313_R8.png,770,357,800,427,
050314_M17.png,799,429,827,506,
050315_D21.png,773,502,848,528,
050316_G43.png,776,527,835,609,
050317_N17.png,768,611,850,626,
050318_M17.png,797,629,825,703,
050319_D4.png,772,699,846,725,
050320_S29.png,795,722,822,792,
050321_N35.png,766,800,847,828,
050322_G43.png,771,832,845,927,
050323_V13.png,767,934,846,964,
050324_O34.png,767,962,844,978,
050325_Aa26.png,815,976,844,1049,
050326_Aa26.png,790,978,818,1050,
050327_Aa26.png,765,978,790,1049,
050328_N35.png,760,1048,849,1065,
050329_E34.png,773,1068,836,1104,
050330_N35.png,775,1103,833,1119,
050331_M17.png,806,1121,827,1186,
050332_S29.png,779,1119,803,1189,
050333_D2.png,776,1199,828,1267,
050334_D36.png,761,1253,847,1288,
050335_S29.png,789,1286,818,1361,
050336_N35.png,763,1361,845,1381,
050337_O1.png,764,1381,841,1415,
050338_D21.png,762,1415,842,1438,
050339_V31.png,764,1436,845,1464,
050340_D21.png,769,1463,842,1482,
050341_V31.png,764,1482,845,1504,
050342_E34.png,774,1509,835,1549,
050343_N35.png,774,1549,835,1566,
050344_G17.png,868,19,944,104,
050345_D21.png,864,106,945,135,
050346_N35.png,861,132,946,150,
050347_S29.png,889,150,918,230,
050348_Q3.png,883,232,925,281,
050349_G43.png,873,277,934,375,
050350_N35.png,860,375,944,395,
050351_U1.png,871,392,946,454,
050352_G35.png,865,455,943,527,
050353_N29.png,909,526,945,560,
050354_X1.png,863,531,907,558,
050355_P6.png,884,555,927,641,
050356_D21.png,863,639,942,670,
050357_X8.png,874,670,934,747,
050358_Q3.png,906,748,942,797,
050359_X1.png,858,760,907,792,
050360_N1.png,861,798,941,826,
050361_N35.png,858,822,941,844,
050362_E34.png,869,862,928,895,
050363_N35.png,871,893,930,912,
050364_M17.png,903,911,927,978,
050365_S29.png,877,913,899,978,
050366_D21.png,864,990,939,1013,
050367_X8.png,877,1018,932,1088,
050368_N35.png,858,1088,944,1111,
050369_I9.png,858,1109,942,1136,
050370_N17.png,863,1138,938,1154,
050371_M17.png,889,1152,918,1237,
050372_N35.png,857,1238,939,1259,
050373_X1.png,878,1262,920,1287,
050374_U15.png,859,1292,943,1324,
050375_P8.png,923,1325,942,1410,
050376_G17.png,858,1325,925,1412,
050377_D46.png,857,1410,943,1440,
050378_G43.png,861,1440,934,1525,
050379_D2.png,875,1521,928,1578,
050380_D21.png,868,1578,941,1599,
050381_M17.png,1023,19,1044,97,
050382_G35.png,951,19,1024,99,
050383_X1.png,975,95,1030,121,
050384_M17.png,1023,112,1044,204,
050385_G35.png,955,121,1025,208,
050386_X1.png,976,201,1030,233,
050387_G5.png,957,237,1041,327,
050388_M17.png,1023,317,1045,403,
050389_G35.png,952,321,1025,402,
050390_X1.png,977,399,1028,427,
050391_E9.png,950,418,1044,475,
050392_S29.png,1009,477,1039,558,
050393_O50.png,959,477,1003,519,
050394_X1.png,960,529,1011,561,
050395_M17.png,1013,561,1038,641,
050396_M17.png,988,558,1011,640,
050397_M17.png,962,559,985,646,
050398_M17.png,1011,642,1033,730,
050399_M17.png,988,644,1007,723,
050400_M17.png,959,644,984,729,
050401_M17.png,1009,725,1035,807,
050402_M17.png,987,721,1008,809,
050403_M17.png,960,724,987,808,
050404_M17.png,1022,810,1041,898,
050405_G35.png,953,809,1023,899,
050406_E23.png,948,904,1043,939,
050407_UNKNOWN.png,966,941,1028,1014,
050408_D46.png,953,1011,1042,1042,
050409_V4.png,959,1043,1038,1123,
050410_N14.png,970,1111,1034,1175,
050411_S29.png,981,1175,1015,1263,
050412_N35.png,951,1265,1042,1284,
050413_V13.png,951,1281,1039,1314,
050414_G43.png,959,1310,1035,1391,
050415_G17.png,956,1394,1034,1470,
050416_D21.png,959,1469,1035,1493,
050417_N35.png,952,1491,1036,1506,
050418_V31.png,949,1509,1037,1548,
050419_M17.png,1082,18,1113,111,
050420_N35.png,1052,113,1136,134,
050421_S29.png,1113,129,1137,207,
050422_U1.png,1050,134,1116,203,
050423_UNKNOWN.png,1050,199,1124,232,
050424_E1.png,1050,216,1142,290,
050425_N35.png,1052,292,1136,310,
050426_I9.png,1055,308,1142,337,
050427_V13.png,1056,336,1139,371,
050428_G43.png,1066,370,1130,461,
050429_I10.png,1051,461,1137,542,
050430_D46.png,1057,513,1136,539,
050431_N35.png,1051,537,1139,556,
050432_F34.png,1065,559,1128,612,
050433_I9.png,1053,611,1142,642,
050434_G17.png,1057,643,1133,729,
050435_X1.png,1072,729,1122,758,
050436_V31.png,1054,757,1140,797,
050437_N35.png,1051,798,1136,821,
050438_I9.png,1053,820,1141,851,
050439_G17.png,1053,854,1134,946,
050440_V31.png,1050,947,1135,991,
050441_M17.png,1086,991,1116,1085,
050442_D21.png,1055,1091,1134,1122,
050443_V31.png,1048,1120,1133,1157,
050444_V13.png,1051,1156,1136,1191,
050445_G43.png,1053,1190,1128,1277,
050446_O50.png,1078,1276,1118,1312,
050447_Q3.png,1070,1309,1118,1356,
050448_D21.png,1051,1353,1126,1378,
050449_L1.png,1059,1377,1125,1453,
050450_X1.png,1064,1451,1119,1481,
050451_D21.png,1052,1478,1128,1505,
050452_V31.png,1050,1508,1127,1542,
050453_D21.png,1049,1541,1131,1567,
050454_I9.png,1044,1562,1133,1588,
